15193ad70243db5a2cd8	35010001	2022001	2022001	1	2022-01-01 00:46:10	1	2022-01-01 00:47:14	0	1	48333975	2	5	2	1	00010408091114^	1	000000000000	000000007300000000	20220	0
8c465f5d3e37f8c9335d	35010112	2022001	2022001	1	2022-01-01 14:28:44	0	2001-01-01 00:00:00	0	1	67652059	2	5	1	1	00020407101314^00010405071014^00010405071013^00010305091314^00020305071314^	7	000000000000	000000004300000000	20220	0
bf13969dab675abe1264	35010112	2022001	2022001	2	2022-01-01 14:29:02	0	2001-01-01 00:00:00	0	1	67652059	2	5	1	1	00060304050713^00010304050714^00010304050715^	8	000000000000	000000004300000000	20220	0
8c130aae988be710195c	35010114	2022001	2022001	1	2022-01-01 14:10:07	0	2001-01-01 00:00:00	0	1	51566648	2	5	1	1	00010203040508^	1	000000000000	000000004200000000	20220	0
bf13979dab2d5abe1364	35010114	2022001	2022001	2	2022-01-01 14:10:19	0	2001-01-01 00:00:00	0	1	51566648	2	5	0	1	00010102030408^	1	000000000000	000000004200000000	20220	0
bf07645ae5962b78a4d5	35010135	2022001	2022001	1	2022-01-01 07:28:24	0	2001-01-01 00:00:00	0	1	15630676	2	5	1	1	00010103081015^	1	000000000000	000000007100000000	20220	0
1f8d337ee6043f6595e4	35010135	2022001	2022001	2	2022-01-01 07:28:28	0	2001-01-01 00:00:00	0	1	15630676	2	5	1	1	00010102030410^	1	000000000000	000000007100000000	20220	0
83fc2efa5d395241d2f9	35010135	2022001	2022001	3	2022-01-01 07:28:32	0	2001-01-01 00:00:00	0	1	15630676	2	5	1	1	00010102030415^	1	000000000000	000000007100000000	20220	0
2c19da392fbcea4936c8	35010135	2022001	2022001	4	2022-01-01 07:28:37	0	2001-01-01 00:00:00	0	1	15630676	2	5	1	1	00010406070914^	1	000000000000	000000007100000000	20220	0
ab0719e0e8ad320284dd	35010135	2022001	2022001	5	2022-01-01 07:28:41	0	2001-01-01 00:00:00	0	1	15630676	2	5	1	1	00010102081012^	1	000000000000	000000007100000000	20220	0
d6c0bec6ca24688cfeed	35010135	2022001	2022001	6	2022-01-01 07:34:33	0	2001-01-01 00:00:00	0	1	15630676	2	5	1	1	00010102030613^00010102031214^00010112131415^00010203040513^00010203040708^	5	000000000000	000000007100000000	20220	0
71e69ca590a813ca20fd	35010135	2022001	2022001	7	2022-01-01 07:35:06	0	2001-01-01 00:00:00	0	1	15630676	2	5	1	1	00010204081014^00010406070810^00010207081314^00010209111315^00010304050612^	5	000000000000	000000007100000000	20220	0
2c19da391f52ea4936c8	35010135	2022001	2022001	8	2022-01-01 07:35:33	0	2001-01-01 00:00:00	0	1	15630676	2	5	1	1	00010304051415^00010405060710^00010406081012^00010406081014^00010407111415^	5	000000000000	000000007100000000	20220	0
ab0719e0d843320284dd	35010135	2022001	2022001	9	2022-01-01 07:35:43	0	2001-01-01 00:00:00	0	1	15630676	2	5	1	1	00010711121314^	1	000000000000	000000007100000000	20220	0
1f8d337ec6e63f6595e4	35010135	2022001	2022001	10	2022-01-01 07:36:26	0	2001-01-01 00:00:00	0	1	15630676	2	5	1	1	00010102030613^00010102061214^00010102101415^00010103051011^00010103051015^	5	000000000000	000000007100000000	20220	0
222f9f6ddfd3bf18e7f1	35010135	2022001	2022001	11	2022-01-01 07:36:51	0	2001-01-01 00:00:00	0	1	15630676	2	5	1	1	00010103060911^00010103080911^00010103091112^00010104060810^00010104060811^	5	000000000000	000000007100000000	20220	0
8fb9d09398fb93446fcc	35010135	2022001	2022001	12	2022-01-01 07:37:16	0	2001-01-01 00:00:00	0	1	15630676	2	5	1	1	00010104071112^00010104071415^00010104081013^00010104091415^00010105061013^	5	000000000000	000000007100000000	20220	0
1fb3ee704b6e8275c2dc	35010135	2022001	2022001	13	2022-01-01 07:37:44	0	2001-01-01 00:00:00	0	1	15630676	2	5	1	1	00010105061415^00010105081415^00010106081115^00010106091113^00010106091114^	5	000000000000	000000007100000000	20220	0
f98e4cdc5875b5f5bee9	35010135	2022001	2022001	14	2022-01-01 07:38:10	0	2001-01-01 00:00:00	0	1	15630676	2	5	1	1	00010107080913^00010107101415^00010108121415^00010112131415^00010203040513^	5	000000000000	000000007100000000	20220	0
83fc2efa6dc35241d2f9	35010135	2022001	2022001	15	2022-01-01 07:38:46	0	2001-01-01 00:00:00	0	1	15630676	2	5	1	1	00010203040708^00010203050912^00010204060815^00010204060912^00010204071011^	5	000000000000	000000007100000000	20220	0
2c19da397f44ea4937c8	35010135	2022001	2022001	16	2022-01-01 07:39:14	0	2001-01-01 00:00:00	0	1	15630676	2	5	1	1	00010204081014^00010204081213^00010204101314^00010205061013^00010205081314^	5	000000000000	000000007100000000	20220	0
15b3d0ad35eb0ec8d3d4	35010135	2022001	2022001	17	2022-01-01 07:39:37	0	2001-01-01 00:00:00	0	1	15630676	2	5	1	1	00010206070810^00010207081213^00010207081314^00010208101213^00010209111315^	5	000000000000	000000007100000000	20220	0
fe55ed0f99fa17ff52e1	35010135	2022001	2022001	18	2022-01-01 07:40:01	0	2001-01-01 00:00:00	0	1	15630676	2	5	1	1	00010304050612^00010304051415^00010304061012^00010304061115^00010304091315^	5	000000000000	000000007100000000	20220	0
71e69ca5c0bc13ca20fd	35010135	2022001	2022001	19	2022-01-01 07:40:24	0	2001-01-01 00:00:00	0	1	15630676	2	5	1	1	00010304111415^00010305070813^00010305081315^00010306070815^00010306081214^	5	000000000000	000000007100000000	20220	0
8b1364270f791061decd	35010135	2022001	2022001	20	2022-01-01 07:40:59	0	2001-01-01 00:00:00	0	1	15630676	2	5	1	1	00010306091315^00010309111214^00010311121415^00010405060710^00010405121315^	5	000000000000	000000007100000000	20220	0
151979d75275db5a2cd8	35010135	2022001	2022001	21	2022-01-01 07:41:27	0	2001-01-01 00:00:00	0	1	15630676	2	5	1	1	00010406081014^00010407111415^00010408101314^00010411121415^00010507101113^	5	000000000000	000000007100000000	20220	0
1f8d337eb6f03f6595e4	35010135	2022001	2022001	22	2022-01-01 07:42:22	0	2001-01-01 00:00:00	0	1	15630676	2	5	1	1	00010509101215^00010608101115^00010610111314^00010610121314^00010509111415^	5	000000000000	000000007100000000	20220	0
5b27ad36a88dc4f8f2f0	35010135	2022001	2022001	23	2022-01-01 07:42:46	0	2001-01-01 00:00:00	0	1	15630676	2	5	1	1	00010711121314^00010711121415^00010809121415^00010810121415^	4	000000000000	000000007100000000	20220	0
cd60303217d043a8ddc1	35010135	2022001	2022001	24	2022-01-01 07:43:44	0	2001-01-01 00:00:00	0	1	15630676	2	5	1	1	00010104061011^00010106101115^00010206081214^00010206131415^00010207081213^	5	000000000000	000000007100000000	20220	0
ab0719e09863320284dd	35010135	2022001	2022001	25	2022-01-01 07:44:13	0	2001-01-01 00:00:00	0	1	15630676	2	5	1	1	00010305070915^00010305080915^00010405060710^00010405101315^00010408121415^	5	000000000000	000000007100000000	20220	0
1f8d337e86c83f6594e4	35010135	2022001	2022001	26	2022-01-01 07:44:24	0	2001-01-01 00:00:00	0	1	15630676	2	5	1	1	00010506081314^00010610111315^	2	000000000000	000000007100000000	20220	0
f2c32cd2a7ac129190fc	35010135	2022001	2022001	27	2022-01-01 08:15:22	0	2001-01-01 00:00:00	0	1	15630676	2	5	1	1	00010304050911^	1	000000000000	000000007100000000	20220	0
2c807a994c7b3aa0efc0	35010135	2022001	2022001	28	2022-01-01 08:17:11	0	2001-01-01 00:00:00	0	1	15630676	2	5	1	1	00010508091115^	1	000000000000	000000007100000000	20220	0
ab0719e0886d320285dd	35010135	2022001	2022001	29	2022-01-01 14:45:44	0	2001-01-01 00:00:00	0	1	15630676	2	5	1	1	00010405060715^	1	000000000000	000000007100000000	20220	0
b51a94079b9b108b28e0	35010135	2022001	2022001	30	2022-01-01 14:45:59	0	2001-01-01 00:00:00	0	1	15630676	2	5	1	1	00010405060712^	1	000000000000	000000007100000000	20220	0
71e69ca5f08413ca20fd	35010135	2022001	2022001	31	2022-01-01 14:46:50	0	2001-01-01 00:00:00	0	1	15630676	2	5	1	1	00010405060709^	1	000000000000	000000007100000000	20220	0
8623da9316609dd9e2c4	35010135	2022001	2022001	32	2022-01-01 14:54:38	0	2001-01-01 00:00:00	0	1	15630676	2	5	1	1	00010203040515^00010203040507^00010102031115^00010102030715^00010102030711^	5	000000000000	000000007100000000	20220	0
b5b97a3a52c80391fcd0	35010135	2022001	2022001	33	2022-01-01 14:55:01	0	2001-01-01 00:00:00	0	1	15630676	2	5	1	1	00010203040715^00010203040915^00010203041215^00010102031415^	4	000000000000	000000007100000000	20220	0
ab7aa3fd43cc48222be5	35010135	2022001	2022001	34	2022-01-01 18:04:58	0	2001-01-01 00:00:00	0	1	15630676	2	5	2	1	1001*020305061114^	6	000000000000	000000007100000000	20220	0
71e69ca5003413ca21fd	35010135	2022001	2022001	35	2022-01-01 18:08:30	0	2001-01-01 00:00:00	0	1	15630676	2	5	1	1	1001*010305091011^	6	000000000000	000000007100000000	20220	0
8b136427cfb31061dfcd	35010135	2022001	2022001	36	2022-01-01 18:22:20	0	2001-01-01 00:00:00	0	1	15630676	2	5	1	1	1001*010307080915^	6	000000000000	000000007100000000	20220	0
b5b97c3ad2020391fcd0	35010139	2022001	2022001	1	2022-01-01 11:01:05	0	2001-01-01 00:00:00	0	1	19433271	2	5	1	1	00010104081112^	1	000000000000	000000007200000000	20220	0
be5226ae0aef805d58d9	35010167	2022001	2022001	1	2022-01-01 09:13:41	0	2001-01-01 00:00:00	0	1	14291073	2	5	0	1	00010509101113^00010306070811^00010311121314^00010306070911^00010306091215^	5	000000000000	000000007100000000	20220	0
d6c0aec6da6c688cffed	35010167	2022001	2022001	2	2022-01-01 10:53:51	0	2001-01-01 00:00:00	0	1	14291073	2	5	0	1	00010203040811^00010204081112^00010304060715^00010206101315^00010205081115^	5	000000000000	000000007100000000	20220	0
8c46015d3e6df8c9325d	35010204	2022001	2022001	1	2021-12-31 22:13:14	0	2001-01-01 00:00:00	0	1	34310350	2	5	0	1	00010104060709^	1	000000000000	000000004100000000	20220	0
8a4613d3b0f2bb442261	35010204	2022001	2022001	2	2021-12-31 22:13:20	0	2001-01-01 00:00:00	0	1	34310350	2	5	0	1	00010105070911^	1	000000000000	000000004100000000	20220	0
b77c736e3770ccb4347d	35010204	2022001	2022001	3	2022-01-01 07:23:26	0	2001-01-01 00:00:00	0	1	26691514	2	5	2	1	00010508111215^00010408131415^00010205081113^00010405061015^00010309121415^	5	000000000000	000000004100000000	20220	0
3f10560326af047de148	35010204	2022001	2022001	4	2022-01-01 08:39:49	0	2001-01-01 00:00:00	0	1	26691514	2	5	2	1	00010105101115^	1	000000000000	000000004100000000	20220	0
bc23553afcd90d0c7058	35010204	2022001	2022001	5	2022-01-01 11:00:53	0	2001-01-01 00:00:00	0	1	26691514	2	5	1	1	00010103081113^00010508091215^	2	000000000000	000000004100000000	20220	0
eb7d5d5c00e1df80206d	35010204	2022001	2022001	6	2022-01-01 15:38:19	0	2001-01-01 00:00:00	0	1	26691514	2	5	1	1	00020204060711^	2	000000000000	000000004100000000	20220	0
b6c9bce0bee07c9e0970	35010204	2022001	2022001	7	2022-01-01 15:38:29	0	2001-01-01 00:00:00	0	1	26691514	2	5	1	1	00010406071112^	1	000000000000	000000004100000000	20220	0
bc1076333fae3747aa50	35010234	2022001	2022001	1	2022-01-01 10:18:42	0	2001-01-01 00:00:00	0	1	57322530	2	5	1	1	00010407081213^	1	000000000000	000000004100000000	20220	0
eb7d4e5c1027df80216d	35010234	2022001	2022001	2	2022-01-01 10:19:39	0	2001-01-01 00:00:00	0	1	57322530	2	5	1	1	00010205080913^	1	000000000000	000000004100000000	20220	0
b6c9afe0ae287c9e0970	35010234	2022001	2022001	3	2022-01-01 10:23:32	0	2001-01-01 00:00:00	0	1	57322530	2	5	1	1	00010506070915^	1	000000000000	000000004100000000	20220	0
8d46156013079874b541	35010234	2022001	2022001	4	2022-01-01 10:25:38	0	2001-01-01 00:00:00	0	1	57322530	2	5	1	1	00010205080913^	1	000000000000	000000004100000000	20220	0
8c46125d2e3bf8c9335d	35010234	2022001	2022001	5	2022-01-01 10:27:39	0	2001-01-01 00:00:00	0	1	57322530	2	5	1	1	00010305070812^	1	000000000000	000000004100000000	20220	0
8f134fe9cf8946d69160	35010234	2022001	2022001	6	2022-01-01 10:27:46	0	2001-01-01 00:00:00	0	1	57322530	2	5	1	1	00010507081214^	1	000000000000	000000004100000000	20220	0
22bddb0aa270fe378974	35010234	2022001	2022001	7	2022-01-01 10:27:53	0	2001-01-01 00:00:00	0	1	57322530	2	5	0	1	00010507081214^	1	000000000000	000000004100000000	20220	0
ea401506431c3e12c049	35010234	2022001	2022001	8	2022-01-01 10:28:02	0	2001-01-01 00:00:00	0	1	57322530	2	5	1	1	00010305070812^	1	000000000000	000000004100000000	20220	0
8c46125d1e31f8c9325d	35010234	2022001	2022001	9	2022-01-01 10:29:14	0	2001-01-01 00:00:00	0	1	57322530	2	5	1	1	00010507121415^	1	000000000000	000000004100000000	20220	0
eb7d4e5c3003df80216d	35010234	2022001	2022001	10	2022-01-01 10:29:16	0	2001-01-01 00:00:00	0	1	57322530	2	5	0	1	00010507121415^	1	000000000000	000000004100000000	20220	0
118e7fb73c927d2e9a7c	35010234	2022001	2022001	11	2022-01-01 10:34:37	0	2001-01-01 00:00:00	0	1	57322530	2	5	1	1	00010204050813^	1	000000000000	000000004100000000	20220	0
bf237533062f70090a4c	35010234	2022001	2022001	12	2022-01-01 10:34:39	0	2001-01-01 00:00:00	0	1	57322530	2	5	0	1	00010204050813^	1	000000000000	000000004100000000	20220	0
bc23463adcfd0d0c7058	35010234	2022001	2022001	13	2022-01-01 11:10:24	0	2001-01-01 00:00:00	0	1	57322530	2	5	1	1	1001*010205071112^	6	000000000000	000000004100000000	20220	0
ea55a6b5f4090e857369	35010234	2022001	2022001	14	2022-01-01 11:25:20	0	2001-01-01 00:00:00	0	1	57322530	2	5	2	1	00010405081014^	1	000000000000	000000004100000000	20220	0
22bddb0a82d2fe378974	35010234	2022001	2022001	15	2022-01-01 15:54:04	0	2001-01-01 00:00:00	0	1	57322530	2	5	1	1	00010203040508^	1	000000000000	000000004100000000	20220	0
ab07dbe0f885320284dd	35010259	2022001	2022001	1	2022-01-01 14:18:02	0	2001-01-01 00:00:00	0	1	15907381	2	5	1	1	00030104050613^	3	000000000000	000000007300000000	20220	0
bf07b55ae55a2b78a4d5	35010293	2022001	2022001	1	2022-01-01 12:44:28	0	2001-01-01 00:00:00	0	1	59875296	2	5	1	1	00010203071011^	1	000000000000	000000007300000000	20220	0
f98e9ddc682fb5f5bfe9	35010293	2022001	2022001	2	2022-01-01 17:56:48	0	2001-01-01 00:00:00	0	1	59875296	2	5	2	1	00010105081013^00010107101113^00010203040611^	3	000000000000	000000007300000000	20220	0
bf07805ae5382b78a5d5	35010335	2022001	2022001	1	2022-01-01 08:52:26	0	2001-01-01 00:00:00	0	1	57993153	2	5	1	1	00010304081113^	1	000000000000	000000007200000000	20220	0
f98ea8dc68a1b5f5bfe9	35010335	2022001	2022001	2	2022-01-01 09:24:20	0	2001-01-01 00:00:00	0	1	57993153	2	5	1	1	00010203040915^	1	000000000000	000000007200000000	20220	0
83fccafa5d5f5241d3f9	35010335	2022001	2022001	3	2022-01-01 17:03:35	0	2001-01-01 00:00:00	0	1	57993153	2	5	1	1	00010108101213^00010104050815^00010405081015^	3	000000000000	000000007200000000	20220	0
bc23873aec730d0c7058	35010360	2022001	2022001	1	2022-01-01 10:45:09	0	2001-01-01 00:00:00	0	1	22195659	2	5	2	1	00050104051012^	5	000000000000	000000004100000000	20220	0
ea47e93b591283952765	35010360	2022001	2022001	2	2022-01-01 14:01:45	0	2001-01-01 00:00:00	0	1	22195659	2	5	2	1	00010203101315^00010203091112^00010203041214^	3	000000000000	000000004100000000	20220	0
5f957556e62f9fb63279	35010360	2022001	2022001	3	2022-01-01 14:03:35	0	2001-01-01 00:00:00	0	1	22195659	2	5	1	1	00050304050611^00050405060711^00050506101115^00050510111215^00050509101112^	25	000000000000	000000004100000000	20220	0
bf23b43326ff70090a4c	35010360	2022001	2022001	4	2022-01-01 15:21:46	0	2001-01-01 00:00:00	0	1	22195659	2	5	1	1	00020506070815^00020205060708^00020203040508^00020809101115^00020509101112^	10	000000000000	000000004100000000	20220	0
8f208733bbce43adb654	35010360	2022001	2022001	5	2022-01-01 15:22:05	0	2001-01-01 00:00:00	0	1	22195659	2	5	1	1	00020206071214^00020104091214^00020405060708^00020506070812^	8	000000000000	000000004100000000	20220	0
eb7d8f5c003ddf80216d	35010360	2022001	2022001	6	2022-01-01 15:22:20	0	2001-01-01 00:00:00	0	1	22195659	2	5	1	1	00020308091012^00020305080915^00020102060712^	6	000000000000	000000004100000000	20220	0
f9f301c143b6cfd51171	35010360	2022001	2022001	7	2022-01-01 15:22:24	0	2001-01-01 00:00:00	0	1	22195659	2	5	2	1	00010105080913^00010206111215^00010107080912^	3	000000000000	000000004100000000	20220	0
8d46d46023339874b441	35010360	2022001	2022001	8	2022-01-01 15:22:26	0	2001-01-01 00:00:00	0	1	22195659	2	5	2	1	00010203081415^00010205071013^00010304091113^	3	000000000000	000000004100000000	20220	0
8c1387aeb8f5e710195c	35010360	2022001	2022001	9	2022-01-01 17:24:29	0	2001-01-01 00:00:00	0	1	22195659	2	5	1	1	00010104070911^00010104071114^	2	000000000000	000000004100000000	20220	0
bf8e29ae2f9af4b4906c	35010360	2022001	2022001	10	2022-01-01 18:12:10	0	2001-01-01 00:00:00	0	1	22195659	2	5	2	1	00010308101113^00010107101314^00010106070814^00010207091215^00010205111415^	5	000000000000	000000004100000000	20220	0
118ebeb73c3e7d2e9b7c	35010360	2022001	2022001	11	2022-01-01 18:12:12	0	2001-01-01 00:00:00	0	1	22195659	2	5	2	1	00010506111215^00010205081314^00010405121314^00010406091011^00010304061113^	5	000000000000	000000004100000000	20220	0
bf23b433068370090b4c	35010360	2022001	2022001	12	2022-01-01 18:12:14	0	2001-01-01 00:00:00	0	1	22195659	2	5	2	1	00010105060811^00010609111415^00010508091114^00010203040614^00010910121415^	5	000000000000	000000004100000000	20220	0
ec40b26640fc58665651	35010360	2022001	2022001	13	2022-01-01 18:12:16	0	2001-01-01 00:00:00	0	1	22195659	2	5	2	1	00010405060913^00010106081013^00010310111315^00010405060710^00010608111213^	5	000000000000	000000004100000000	20220	0
8a46c1d380eebb442361	35010360	2022001	2022001	14	2022-01-01 18:12:18	0	2001-01-01 00:00:00	0	1	22195659	2	5	2	1	00010708091011^00010305101415^00010304050607^00010304060815^00010206071011^	5	000000000000	000000004100000000	20220	0
b6c96ee09e5e7c9e0870	35010360	2022001	2022001	15	2022-01-01 18:12:21	0	2001-01-01 00:00:00	0	1	22195659	2	5	2	1	00010105111315^00010305081315^00010610111215^00010506071213^00010607081114^	5	000000000000	000000004100000000	20220	0
8d46d46043499874b441	35010360	2022001	2022001	16	2022-01-01 18:12:22	0	2001-01-01 00:00:00	0	1	22195659	2	5	2	1	00010104071213^00010105071314^00010407101415^00010103101213^00010306081214^	5	000000000000	000000004100000000	20220	0
8a20d2671814b1b26f55	35010360	2022001	2022001	17	2022-01-01 18:12:25	0	2001-01-01 00:00:00	0	1	22195659	2	5	2	1	00010406081215^00010105060713^00010308091014^00010203071114^00010208111214^	5	000000000000	000000004100000000	20220	0
bf131a9deb255abe1364	35010360	2022001	2022001	18	2022-01-01 18:12:28	0	2001-01-01 00:00:00	0	1	22195659	2	5	2	1	00010204060713^00010709111314^00010206071014^00010306071015^00010508111214^	5	000000000000	000000004100000000	20220	0
22bd1a0af236fe378974	35010360	2022001	2022001	19	2022-01-01 18:12:30	0	2001-01-01 00:00:00	0	1	22195659	2	5	2	1	00010608121415^00010708111213^00010102030712^00010102060809^00010102050912^	5	000000000000	000000004100000000	20220	0
ea40d406335a3e12c049	35010360	2022001	2022001	20	2022-01-01 18:12:33	0	2001-01-01 00:00:00	0	1	22195659	2	5	2	1	00010102041415^00010506111214^00010407081015^00010203041115^00010309131415^	5	000000000000	000000004100000000	20220	0
bc23873abcf50d0c7058	35010360	2022001	2022001	21	2022-01-01 18:12:35	0	2001-01-01 00:00:00	0	1	22195659	2	5	2	1	00010102081011^00010304071415^00010102030709^00010308101114^00010107111214^	5	000000000000	000000004100000000	20220	0
ea5567b594790e857369	35010360	2022001	2022001	22	2022-01-01 18:12:38	0	2001-01-01 00:00:00	0	1	22195659	2	5	2	1	00010104061015^00010409121315^00010709101314^00010310121415^00010102091015^	5	000000000000	000000004100000000	20220	0
5f957556b60d9fb63379	35010360	2022001	2022001	23	2022-01-01 18:12:39	0	2001-01-01 00:00:00	0	1	22195659	2	5	2	1	00010206081215^00010311121314^00010103051415^00010304091115^00010910121315^	5	000000000000	000000004100000000	20220	0
bf23b433568170090b4c	35010360	2022001	2022001	24	2022-01-01 18:12:41	0	2001-01-01 00:00:00	0	1	22195659	2	5	2	1	00010102081012^00010105081014^00010304060912^00010103061114^00010610111215^	5	000000000000	000000004100000000	20220	0
8c46d35d5e73f8c9335d	35010360	2022001	2022001	25	2022-01-01 18:12:44	0	2001-01-01 00:00:00	0	1	22195659	2	5	2	1	00010206081213^00010204070913^00010104111214^00010407091215^00010811121415^	5	000000000000	000000004100000000	20220	0
bf8e29ae6f98f4b4916c	35010360	2022001	2022001	26	2022-01-01 18:12:46	0	2001-01-01 00:00:00	0	1	22195659	2	5	2	1	00010304051013^00010102030406^00010204061215^00010410111213^00010209121314^	5	000000000000	000000004100000000	20220	0
b6c96ee0ce407c9e0970	35010360	2022001	2022001	27	2022-01-01 18:12:48	0	2001-01-01 00:00:00	0	1	22195659	2	5	2	1	00010102060913^00010204071315^00010102091314^00010709111314^00010207111213^	5	000000000000	000000004100000000	20220	0
0c9384307602d74eda40	35010360	2022001	2022001	28	2022-01-01 18:12:51	0	2001-01-01 00:00:00	0	1	22195659	2	5	2	1	00010408111315^00010305060814^00010406091112^00011011121415^00010107101415^	5	000000000000	000000004100000000	20220	0
bc10b7334fd83747aa50	35010360	2022001	2022001	29	2022-01-01 18:12:53	0	2001-01-01 00:00:00	0	1	22195659	2	5	2	1	00010105121315^00010611131415^00010206080911^00010105060714^00010208101214^	5	000000000000	000000004100000000	20220	0
bc23e23aec9f0d0c7058	35010418	2022001	2022001	1	2022-01-01 10:18:28	0	2001-01-01 00:00:00	0	1	98056572	2	5	1	1	00010102030408^00010506070815^00010508111215^	3	000000000000	000000004300000000	20220	0
ea478c3b59d483952665	35010418	2022001	2022001	2	2022-01-01 16:51:27	0	2001-01-01 00:00:00	0	1	98056572	2	5	1	1	00010304091213^00010304050913^00010304051015^00010304091014^00010305070913^	5	000000000000	000000004300000000	20220	0
118edbb71cd27d2e9a7c	35010418	2022001	2022001	3	2022-01-01 16:51:42	0	2001-01-01 00:00:00	0	1	98056572	2	5	1	1	00010309111315^00010309121315^00010310121315^	3	000000000000	000000004300000000	20220	0
ea40b10673ae3e12c149	35010418	2022001	2022001	4	2022-01-01 16:58:30	0	2001-01-01 00:00:00	0	1	98056572	2	5	1	1	00010103091113^00010103101113^00010103091112^	3	000000000000	000000004300000000	20220	0
ec26b775c6bc2cf1e359	35010418	2022001	2022001	5	2022-01-01 17:02:29	0	2001-01-01 00:00:00	0	1	98056572	2	5	1	1	00010103091115^	1	000000000000	000000004300000000	20220	0
ea5502b5d4790e857269	35010418	2022001	2022001	6	2022-01-01 17:12:38	0	2001-01-01 00:00:00	0	1	98056572	2	5	1	1	00010103040911^00010103091213^00010103091315^	3	000000000000	000000004300000000	20220	0
65fa31ab64a2d4af9978	35010418	2022001	2022001	7	2022-01-01 17:13:40	0	2001-01-01 00:00:00	0	1	98056572	2	5	2	1	00010103040812^	1	000000000000	000000004300000000	20220	0
1fb37f707be08275c3dc	35010421	2022001	2022001	1	2022-01-01 07:00:58	0	2001-01-01 00:00:00	0	1	18015024	2	5	1	2	00010203050809^00010507080915^00010508091215^00011011121315^00010508091011^	5	000000000000	000000007300000000	20220	0
ab7a32fdc3da48222ae5	35010421	2022001	2022001	2	2022-01-01 07:01:17	0	2001-01-01 00:00:00	0	1	18015024	2	5	1	2	00010102050811^00010508111415^00010102030508^	3	000000000000	000000007300000000	20220	0
83fcbffa5d5b5241d2f9	35010421	2022001	2022001	3	2022-01-01 07:02:28	0	2001-01-01 00:00:00	0	1	18015024	2	5	1	2	00010509111315^	1	000000000000	000000007300000000	20220	0
9827e12732570d5ac7c5	35010421	2022001	2022001	4	2022-01-01 07:03:23	0	2001-01-01 00:00:00	0	1	18015024	2	5	1	2	00010305070915^	1	000000000000	000000007300000000	20220	0
b5b9ef3ad23a0391fdd0	35010429	2022001	2022001	1	2022-01-01 10:16:01	0	2001-01-01 00:00:00	0	1	34498397	2	5	1	1	00010405061014^00010405101314^	2	000000000000	000000007200000000	20220	0
ab7a36fdc31c48222ae5	35010429	2022001	2022001	2	2022-01-01 11:51:57	0	2001-01-01 00:00:00	0	1	34498397	2	5	1	1	00010106081013^00010106081015^	2	000000000000	000000007200000000	20220	0
8bcee0fd2910b25469f8	35010429	2022001	2022001	3	2022-01-01 12:15:15	0	2001-01-01 00:00:00	0	1	34498397	2	5	1	1	00010206071215^	1	000000000000	000000007200000000	20220	0
2c194f392f78ea4936c8	35010429	2022001	2022001	4	2022-01-01 12:46:46	0	2001-01-01 00:00:00	0	1	34498397	2	5	2	1	00010103051114^00010102041115^	2	000000000000	000000007200000000	20220	0
be52a3ae1ad5805d58d9	35010429	2022001	2022001	5	2022-01-01 13:02:31	0	2001-01-01 00:00:00	0	1	34498397	2	5	1	1	00010203071213^00010205070809^00010207081214^00010102030712^	4	000000000000	000000007200000000	20220	0
d6c02bc6cada688cffed	35010429	2022001	2022001	6	2022-01-01 17:34:07	0	2001-01-01 00:00:00	0	1	34498397	2	5	1	1	00020105121315^	2	000000000000	000000007200000000	20220	0
5b273836e817c4f8f3f0	35010429	2022001	2022001	7	2022-01-01 18:15:35	0	2001-01-01 00:00:00	0	1	34498397	2	5	1	1	00020405131415^	2	000000000000	000000007200000000	20220	0
b5b9e23ad2d00391fdd0	35010439	2022001	2022001	1	2021-12-31 18:57:09	0	2001-01-01 00:00:00	0	1	48473577	2	5	2	2	00100206081013^	10	000000000000	000000007300000000	20220	0
f98ed4dc6861b5f5bfe9	35010439	2022001	2022001	2	2022-01-01 09:41:20	0	2001-01-01 00:00:00	0	1	95470229	2	5	1	2	00010207091415^	1	000000000000	000000007300000000	20220	0
5b273536f8b1c4f8f2f0	35010439	2022001	2022001	3	2022-01-01 09:41:36	0	2001-01-01 00:00:00	0	1	95470229	2	5	0	2	1001*010407121315^	6	000000000000	000000007300000000	20220	0
9827e82732c70d5ac6c5	35010439	2022001	2022001	4	2022-01-01 09:41:45	0	2001-01-01 00:00:00	0	1	95470229	2	5	0	2	1001*010609121314^	6	000000000000	000000007300000000	20220	0
bf07fc5af5602b78a4d5	35010439	2022001	2022001	5	2022-01-01 09:41:50	0	2001-01-01 00:00:00	0	1	95470229	2	5	0	2	1001*010509131415^	6	000000000000	000000007300000000	20220	0
be52a8ae0a8b805d59d9	35010443	2022001	2022001	1	2021-12-31 20:23:13	0	2001-01-01 00:00:00	0	1	78376694	2	5	1	1	00010506070811^00010506070810^00010306091215^00010509101115^00010508091011^	5	000000000000	000000007300000000	20220	0
1f8dad7ee6363f6595e4	35010443	2022001	2022001	2	2021-12-31 20:23:38	0	2001-01-01 00:00:00	0	1	78376694	2	5	1	1	00010203051213^00010304050810^00010203040510^00010506070810^00010102071213^	5	000000000000	000000007300000000	20220	0
222f016dff21bf18e7f1	35010443	2022001	2022001	3	2021-12-31 20:32:02	0	2001-01-01 00:00:00	0	1	78376694	2	5	1	1	00010310111213^	1	000000000000	000000007300000000	20220	0
cd60ae32677443a8dcc1	35010443	2022001	2022001	4	2022-01-01 10:00:05	0	2001-01-01 00:00:00	0	1	44638041	2	5	1	1	00020708091012^	2	000000000000	000000007300000000	20220	0
bf07fa5af5fc2b78a5d5	35010443	2022001	2022001	5	2022-01-01 10:00:11	0	2001-01-01 00:00:00	0	1	44638041	2	5	1	1	00020708091012^	2	000000000000	000000007300000000	20220	0
ab7a3dfdd3de48222be5	35010443	2022001	2022001	6	2022-01-01 10:00:15	0	2001-01-01 00:00:00	0	1	44638041	2	5	1	1	00020708091012^	2	000000000000	000000007300000000	20220	0
83fcb0fa4d1b5241d3f9	35010443	2022001	2022001	7	2022-01-01 17:19:35	0	2001-01-01 00:00:00	0	1	44638041	2	5	1	1	00010205081012^	1	000000000000	000000007300000000	20220	0
bc10ed333fa23747aa50	35010476	2022001	2022001	1	2022-01-01 16:19:45	0	2001-01-01 00:00:00	0	1	83719466	2	5	1	1	200101060915*030812^	3	000000000000	000000004100000000	20220	0
bf8e73ae0f3ef4b4916c	35010476	2022001	2022001	2	2022-01-01 17:36:43	0	2001-01-01 00:00:00	0	1	83719466	2	5	1	1	00010104080913^00010204061115^00010109121415^00010104071215^00010407081214^	5	000000000000	000000004100000000	20220	0
b77cfb6e37aeccb4347d	35010476	2022001	2022001	3	2022-01-01 17:36:45	0	2001-01-01 00:00:00	0	1	83719466	2	5	2	1	00010203050709^00010104071011^00010102030712^00010203050608^00010708091415^	5	000000000000	000000004100000000	20220	0
bf23ee33267970090b4c	35010476	2022001	2022001	4	2022-01-01 17:57:35	0	2001-01-01 00:00:00	0	1	83719466	2	5	0	1	1001*010203040607081112^	126	000000000000	000000004100000000	20220	0
bc23dd3afceb0d0c7158	35010476	2022001	2022001	5	2022-01-01 18:13:09	0	2001-01-01 00:00:00	0	1	83719466	2	5	2	1	00010203060914^00010102030515^00010206070910^	3	000000000000	000000004100000000	20220	0
1fb359707b808275c3dc	35010489	2022001	2022001	1	2022-01-01 14:26:32	0	2001-01-01 00:00:00	0	1	89549033	2	5	2	1	00010608111415^	1	000000000000	000000007100000000	20220	0
be5283ae0a13805d59d9	35010493	2022001	2022001	1	2022-01-01 10:55:15	0	2001-01-01 00:00:00	0	1	44411132	2	5	1	1	1001*060709121314^	6	000000000000	000000007300000000	20220	0
d6c00bc6da6a688cffed	35010493	2022001	2022001	2	2022-01-01 10:55:20	0	2001-01-01 00:00:00	0	1	44411132	2	5	1	1	1001*040607091213^	6	000000000000	000000007300000000	20220	0
71e629a580e413ca21fd	35010493	2022001	2022001	3	2022-01-01 10:55:25	0	2001-01-01 00:00:00	0	1	44411132	2	5	1	1	1001*020607091215^	6	000000000000	000000007300000000	20220	0
2c80cf992c5f3aa0eec0	35010493	2022001	2022001	4	2022-01-01 11:26:40	0	2001-01-01 00:00:00	0	1	44411132	2	5	1	1	1001*010205070914^	6	000000000000	000000007300000000	20220	0
15b365ad651b0ec8d3d4	35010493	2022001	2022001	5	2022-01-01 11:26:48	0	2001-01-01 00:00:00	0	1	44411132	2	5	1	1	1001*030407091215^	6	000000000000	000000007300000000	20220	0
ab7a16fdd38e48222ae5	35010493	2022001	2022001	6	2022-01-01 14:21:35	0	2001-01-01 00:00:00	0	1	44411132	2	5	1	1	1001*020506091213^	6	000000000000	000000007300000000	20220	0
8bcec0fd3978b25468f8	35010493	2022001	2022001	7	2022-01-01 14:21:39	0	2001-01-01 00:00:00	0	1	44411132	2	5	1	1	1001*020507111215^	6	000000000000	000000007300000000	20220	0
8b13d1277fb11061decd	35010493	2022001	2022001	8	2022-01-01 14:21:45	0	2001-01-01 00:00:00	0	1	44411132	2	5	1	1	1001*040607080911^	6	000000000000	000000007300000000	20220	0
ab07ace0d897320285dd	35010493	2022001	2022001	9	2022-01-01 14:21:50	0	2001-01-01 00:00:00	0	1	44411132	2	5	1	1	1001*060708091112^	6	000000000000	000000007300000000	20220	0
215088e34aad2f32feec	35010493	2022001	2022001	10	2022-01-01 15:34:01	0	2001-01-01 00:00:00	0	1	44411132	2	5	1	1	00100104080913^	10	000000000000	000000007300000000	20220	0
5b271836d8afc4f8f2f0	35010493	2022001	2022001	11	2022-01-01 16:34:42	0	2001-01-01 00:00:00	0	1	44411132	2	5	1	1	00020305060708^00020506070809^00020506070815^	6	000000000000	000000007300000000	20220	0
86236f93a6349dd9e2c4	35010493	2022001	2022001	12	2022-01-01 16:40:46	0	2001-01-01 00:00:00	0	1	44411132	2	5	1	1	00030204091215^	3	000000000000	000000007300000000	20220	0
bf07d15ad5b82b78a5d5	35010493	2022001	2022001	13	2022-01-01 18:18:19	0	2001-01-01 00:00:00	0	1	44411132	2	5	1	1	1001*020507101112^	6	000000000000	000000007300000000	20220	0
b6f7f1ee03b8c18e5fe8	35010493	2022001	2022001	14	2022-01-01 18:18:27	0	2001-01-01 00:00:00	0	1	44411132	2	5	1	1	1001*020607101213^	6	000000000000	000000007300000000	20220	0
1fb35a707be68275c3dc	35010495	2022001	2022001	1	2022-01-01 09:01:35	0	2001-01-01 00:00:00	0	1	56065340	2	5	0	1	00010103091215^	1	000000000000	000000007300000000	20220	0
fe55590fd96417ff53e1	35010495	2022001	2022001	2	2022-01-01 09:02:14	0	2001-01-01 00:00:00	0	1	56065340	2	5	0	1	00010102041214^	1	000000000000	000000007300000000	20220	0
222f2b6dff73bf18e6f1	35010495	2022001	2022001	3	2022-01-01 09:11:14	0	2001-01-01 00:00:00	0	1	56065340	2	5	0	1	00010102050710^	1	000000000000	000000007300000000	20220	0
cd608432675a43a8dcc1	35010495	2022001	2022001	4	2022-01-01 09:12:16	0	2001-01-01 00:00:00	0	1	56065340	2	5	0	1	00010103051115^	1	000000000000	000000007300000000	20220	0
bf07d05af5ac2b78a4d5	35010495	2022001	2022001	5	2022-01-01 09:21:30	0	2001-01-01 00:00:00	0	1	56065340	2	5	0	1	00010102081214^00010103121315^00010103061115^	3	000000000000	000000007300000000	20220	0
b6f7f0ee237ec18e5fe8	35010495	2022001	2022001	6	2022-01-01 09:34:58	0	2001-01-01 00:00:00	0	1	56065340	2	5	1	1	00010708091215^00010102050715^00010102050815^00010507080912^00010102111215^	5	000000000000	000000007300000000	20220	0
6cdd31dfb0e8c6596df5	35010495	2022001	2022001	7	2022-01-01 10:29:01	0	2001-01-01 00:00:00	0	1	56065340	2	5	0	1	00010306091213^	1	000000000000	000000007300000000	20220	0
2c196e391f54ea4936c8	35010495	2022001	2022001	8	2022-01-01 17:34:58	0	2001-01-01 00:00:00	0	1	56065340	2	5	1	1	00010307091215^	1	000000000000	000000007300000000	20220	0
bc223a3aec110d0c7158	35010530	2022001	2022001	1	2022-01-01 15:54:15	0	2001-01-01 00:00:00	0	1	25348718	2	5	0	1	00050207081114^	5	000000000000	000000004100000000	20220	0
bf1be0dae57e9c363868	35010530	2022001	2022001	2	2022-01-01 15:56:51	0	2001-01-01 00:00:00	0	1	25348718	2	5	1	1	00030205101315^00030103061114^00030204071215^00030104091214^00030308111315^	15	000000000000	000000004100000000	20220	0
be537fae0a5b805d59d9	35010533	2022001	2022001	1	2022-01-01 09:36:07	0	2001-01-01 00:00:00	0	1	58595843	2	5	0	1	00010506071215^	1	000000000000	000000007300000000	20220	0
b51bdd07eb1b108b28e0	35010533	2022001	2022001	2	2022-01-01 14:11:44	0	2001-01-01 00:00:00	0	1	58595843	2	5	0	1	00010103040914^00010508121415^00010809111415^00010304121314^00010406071314^	5	000000000000	000000007300000000	20220	0
ff136775ab0831cafbd1	35010555	2022001	2022001	1	2021-12-31 21:01:37	0	2001-01-01 00:00:00	0	1	60061148	2	5	1	1	00010204081213^00010204121314^	2	000000000000	000000007100000000	20220	0
ab7bf5fdc37848222be5	35010555	2022001	2022001	2	2022-01-01 17:44:25	0	2001-01-01 00:00:00	0	1	26735932	2	5	0	1	00020305081415^00010308131415^00011012131415^00010102071415^	5	000000000000	000000007100000000	20220	0
fc5ff66fd7d5785836f4	35010555	2022001	2022001	3	2022-01-01 18:06:00	0	2001-01-01 00:00:00	0	1	26735932	2	5	1	1	00010809101415^	1	000000000000	000000007100000000	20220	0
bc22293aec630d0c7058	35010564	2022001	2022001	1	2022-01-01 10:49:22	0	2001-01-01 00:00:00	0	1	48060909	2	5	2	5	00010103050609^	1	000000000000	000000004100000000	20220	0
eb7c215c10a1df80216d	35010564	2022001	2022001	2	2022-01-01 11:55:24	0	2001-01-01 00:00:00	0	1	48060909	2	5	1	5	00010206081215^	1	000000000000	000000004100000000	20220	0
bf06035ae54c2b78a4d5	35010585	2022001	2022001	1	2022-01-01 09:47:05	0	2001-01-01 00:00:00	0	1	63060269	2	5	2	1	00010104091112^	1	000000000000	000000007100000000	20220	0
21515ae36acb2f32ffec	35010585	2022001	2022001	2	2022-01-01 13:06:51	0	2001-01-01 00:00:00	0	1	63060269	2	5	1	1	00020407101115^	2	000000000000	000000007100000000	20220	0
6cdce2dfa040c6596df5	35010585	2022001	2022001	3	2022-01-01 15:52:24	0	2001-01-01 00:00:00	0	1	63060269	2	5	0	1	00010203051012^00010102030405^00010304091315^00010306091114^	4	000000000000	000000007100000000	20220	0
8622bd9386689dd9e2c4	35010585	2022001	2022001	4	2022-01-01 15:52:29	0	2001-01-01 00:00:00	0	1	63060269	2	5	0	1	00020306091114^	2	000000000000	000000007100000000	20220	0
15181ed7122bdb5a2dd8	35010585	2022001	2022001	5	2022-01-01 15:52:33	0	2001-01-01 00:00:00	0	1	63060269	2	5	0	1	00020306091114^	2	000000000000	000000007100000000	20220	0
f98f2bdc783fb5f5bee9	35010585	2022001	2022001	6	2022-01-01 15:52:38	0	2001-01-01 00:00:00	0	1	63060269	2	5	0	1	00010205071011^00010608131415^00010203081115^00010102030815^00010205101314^	5	000000000000	000000007100000000	20220	0
f2c24bd2d750129191fc	35010585	2022001	2022001	7	2022-01-01 15:52:44	0	2001-01-01 00:00:00	0	1	63060269	2	5	0	1	00010809121315^00010306071215^00010306071215^00010305080912^00010305080913^	5	000000000000	000000007100000000	20220	0
2c811d991cfd3aa0eec0	35010585	2022001	2022001	8	2022-01-01 15:52:49	0	2001-01-01 00:00:00	0	1	63060269	2	5	0	1	00010306091113^00010205071114^00010205071014^00010205071011^00010206070815^	5	000000000000	000000007100000000	20220	0
bf06035ac53a2b78a5d5	35010585	2022001	2022001	9	2022-01-01 15:52:56	0	2001-01-01 00:00:00	0	1	63060269	2	5	0	1	00010305060712^00010405101315^00010207081115^00010405111215^00010306071215^	5	000000000000	000000007100000000	20220	0
ab7bc4fde31848222be5	35010585	2022001	2022001	10	2022-01-01 15:53:01	0	2001-01-01 00:00:00	0	1	63060269	2	5	0	1	00010305060712^00010304060712^00010306091112^00010506070911^00010506070912^	5	000000000000	000000007100000000	20220	0
ff135e75ab3c31cafbd1	35010601	2022001	2022001	1	2022-01-01 11:13:23	0	2001-01-01 00:00:00	0	1	63914994	2	5	1	1	00100103080915^	10	000000000000	000000007200000000	20220	0
ec274b75d6882cf1e359	35010602	2022001	2022001	1	2022-01-01 15:16:19	0	2001-01-01 00:00:00	0	1	73062601	2	5	0	1	00010406071214^00010607121415^00010206071214^00010607101214^00010106071214^	5	000000000000	000000004200000000	20220	0
bf12839dab6d5abe1364	35010602	2022001	2022001	2	2022-01-01 18:27:22	0	2001-01-01 00:00:00	0	1	73062601	2	5	0	1	00100507101415^00050407101415^00010107101415^00010207101415^00010307101415^	18	000000000000	000000004200000000	20220	0
8c1201ae98e5e710195c	35010612	2022001	2022001	1	2022-01-01 11:20:12	0	2001-01-01 00:00:00	0	1	64885436	2	5	0	1	00010203040607^00010809101112^00010203071415^00010206071115^00010506070814^	5	000000000000	000000004100000000	20220	0
ea466f3b596683952665	35010612	2022001	2022001	2	2022-01-01 11:30:34	0	2001-01-01 00:00:00	0	1	64885436	2	5	1	1	1001*050809121314^	6	000000000000	000000004100000000	20220	0
d11a6e156b81ca861275	35010612	2022001	2022001	3	2022-01-01 12:47:39	0	2001-01-01 00:00:00	0	1	64885436	2	5	1	1	00010709121314^	1	000000000000	000000004100000000	20220	0
ea41520673783e12c149	35010612	2022001	2022001	4	2022-01-01 13:03:35	0	2001-01-01 00:00:00	0	1	64885436	2	5	0	1	00010506070809^	1	000000000000	000000004100000000	20220	0
bc22013afcb70d0c7158	35010612	2022001	2022001	5	2022-01-01 15:29:08	0	2001-01-01 00:00:00	0	1	64885436	2	5	1	1	00010105060814^00010506070809^	2	000000000000	000000004100000000	20220	0
ea54e1b5d4d90e857369	35010612	2022001	2022001	6	2022-01-01 15:38:15	0	2001-01-01 00:00:00	0	1	64885436	2	5	1	1	00010305061013^	1	000000000000	000000004100000000	20220	0
d11a6e157b7dca861275	35010612	2022001	2022001	7	2022-01-01 17:21:03	0	2001-01-01 00:00:00	0	1	64885436	2	5	0	1	00020304050612^	2	000000000000	000000004100000000	20220	0
871231001620433aae44	35010612	2022001	2022001	8	2022-01-01 18:05:00	0	2001-01-01 00:00:00	0	1	64885436	2	5	1	1	00010308091115^	1	000000000000	000000004100000000	20220	0
8c1207ae98f9e710195c	35010616	2022001	2022001	1	2021-12-31 19:23:26	0	2001-01-01 00:00:00	0	1	26972391	2	5	2	1	00010108101415^	1	000000000000	000000004200000000	20220	0
bf1bdddae5ca9c363868	35010616	2022001	2022001	2	2022-01-01 10:25:53	0	2001-01-01 00:00:00	0	1	44313712	2	5	2	1	00010305101315^	1	000000000000	000000004200000000	20220	0
f9f281c15386cfd51171	35010616	2022001	2022001	3	2022-01-01 10:26:46	0	2001-01-01 00:00:00	0	1	44313712	2	5	2	1	00010105081213^	1	000000000000	000000004200000000	20220	0
3f110403261b047de048	35010616	2022001	2022001	4	2022-01-01 18:08:50	0	2001-01-01 00:00:00	0	1	44313712	2	5	0	1	00010507080915^	1	000000000000	000000004200000000	20220	0
be534dae0abf805d58d9	35010625	2022001	2022001	1	2022-01-01 12:26:26	0	2001-01-01 00:00:00	0	1	50934205	2	5	1	1	00050103061114^	5	000000000000	000000007300000000	20220	0
fe54960fd94c17ff53e1	35010625	2022001	2022001	2	2022-01-01 13:08:38	0	2001-01-01 00:00:00	0	1	50934205	2	5	1	1	00020305081315^	2	000000000000	000000007300000000	20220	0
71e7e7a5801613ca21fd	35010625	2022001	2022001	3	2022-01-01 15:16:25	0	2001-01-01 00:00:00	0	1	50934205	2	5	1	1	00030405060913^	3	000000000000	000000007300000000	20220	0
cc520a72602fe27b6cc9	35010625	2022001	2022001	4	2022-01-01 15:34:31	0	2001-01-01 00:00:00	0	1	50934205	2	5	1	1	00010204050711^00010102070815^	2	000000000000	000000007300000000	20220	0
ff134a75bbde31cafad1	35010625	2022001	2022001	5	2022-01-01 17:55:33	0	2001-01-01 00:00:00	0	1	50934205	2	5	1	1	00010106101114^00010208121315^	2	000000000000	000000007300000000	20220	0
ab7bd8fdd30c48222be5	35010625	2022001	2022001	6	2022-01-01 17:56:12	0	2001-01-01 00:00:00	0	1	50934205	2	5	2	1	1001*01020304081013^	21	000000000000	000000007300000000	20220	0
5b26d636e869c4f8f3f0	35010625	2022001	2022001	7	2022-01-01 18:18:09	0	2001-01-01 00:00:00	0	1	50934205	2	5	1	1	00010304051113^00010103091314^00011011121415^	3	000000000000	000000007300000000	20220	0
cd614b32573043a8ddc1	35010625	2022001	2022001	8	2022-01-01 18:18:14	0	2001-01-01 00:00:00	0	1	50934205	2	5	2	1	00010407091213^00010205121315^	2	000000000000	000000007300000000	20220	0
b5b8013af24e0391fdd0	35010625	2022001	2022001	9	2022-01-01 18:19:19	0	2001-01-01 00:00:00	0	1	50934205	2	5	1	1	00010105081314^00010105081315^	2	000000000000	000000007300000000	20220	0
8a215f675878b1b26e55	35010626	2022001	2022001	1	2022-01-01 18:17:51	0	2001-01-01 00:00:00	0	1	80788019	2	5	2	1	00010206070912^00010102060812^00010205060712^00010206070912^00010206081012^	5	000000000000	000000004200000000	20220	0
be534cae0a57805d58d9	35010627	2022001	2022001	1	2022-01-01 12:37:10	0	2001-01-01 00:00:00	0	1	88540034	2	5	1	1	00010102031415^	1	000000000000	000000007200000000	20220	0
1f8c497ee6ca3f6595e4	35010627	2022001	2022001	2	2022-01-01 12:43:54	0	2001-01-01 00:00:00	0	1	88540034	2	5	2	1	00010406070910^	1	000000000000	000000007200000000	20220	0
8bcf0ffd2978b25469f8	35010627	2022001	2022001	3	2022-01-01 13:21:39	0	2001-01-01 00:00:00	0	1	88540034	2	5	1	1	00010509111215^00010203040509^00010506091112^	3	000000000000	000000007200000000	20220	0
2c18a0392f86ea4936c8	35010627	2022001	2022001	4	2022-01-01 13:21:42	0	2001-01-01 00:00:00	0	1	88540034	2	5	0	1	00010509111215^00010203040509^00010506091112^	3	000000000000	000000007200000000	20220	0
15b2afad75db0ec8d3d4	35010633	2022001	2022001	1	2022-01-01 14:43:57	0	2001-01-01 00:00:00	0	1	56528612	2	5	2	1	00010205080912^00010205070810^00010103050911^00010211121314^00010405091314^	5	000000000000	000000007200000000	20220	0
ab7bdcfdc37848222be5	35010633	2022001	2022001	2	2022-01-01 14:44:31	0	2001-01-01 00:00:00	0	1	56528612	2	5	2	1	00010309101114^00010203051112^00010105101215^00010309101215^00010206080910^	5	000000000000	000000007200000000	20220	0
8c120dae983fe710185c	35010636	2022001	2022001	1	2022-01-01 16:38:55	0	2001-01-01 00:00:00	0	1	89151433	2	5	1	3	00020204050711^	2	000000000000	000000004100000000	20220	0
ea46633b59d083952765	35010636	2022001	2022001	2	2022-01-01 17:52:26	0	2001-01-01 00:00:00	0	1	89151433	2	5	1	3	1001*0102040609121415^	56	000000000000	000000004100000000	20220	0
d11a62156bf7ca861375	35010636	2022001	2022001	3	2022-01-01 17:52:30	0	2001-01-01 00:00:00	0	1	89151433	2	5	1	3	1001*0204060910111215^	56	000000000000	000000004100000000	20220	0
ea415e0673b03e12c049	35010636	2022001	2022001	4	2022-01-01 17:52:36	0	2001-01-01 00:00:00	0	1	89151433	2	5	1	3	1001*01050609101214^	21	000000000000	000000004100000000	20220	0
15b2acad751b0ec8d3d4	35010639	2022001	2022001	1	2022-01-01 17:26:51	0	2001-01-01 00:00:00	0	1	20177404	2	5	1	1	00010102061215^	1	000000000000	000000007100000000	20220	0
15187bd7027fdb5a2dd8	35010643	2022001	2022001	1	2022-01-01 17:38:43	0	2001-01-01 00:00:00	0	1	63476957	2	5	0	1	00010608101214^	1	000000000000	000000007100000000	20220	0
1fb2ef707bd68275c3dc	35010645	2022001	2022001	1	2022-01-01 11:14:18	0	2001-01-01 00:00:00	0	1	30687989	2	5	1	1	00010105081115^	1	000000000000	000000007300000000	20220	0
b6f645ee3324c18e5ee8	35010645	2022001	2022001	2	2022-01-01 14:57:56	0	2001-01-01 00:00:00	0	1	30687989	2	5	2	1	00010102040914^	1	000000000000	000000007300000000	20220	0
6cdc84dfa036c6596df5	35010645	2022001	2022001	3	2022-01-01 15:47:43	0	2001-01-01 00:00:00	0	1	30687989	2	5	1	1	00010304070809^	1	000000000000	000000007300000000	20220	0
cc527072601de27b6dc9	35010645	2022001	2022001	4	2022-01-01 15:47:47	0	2001-01-01 00:00:00	0	1	30687989	2	5	0	1	00010506101213^00010509111213^	2	000000000000	000000007300000000	20220	0
be5337ae1adb805d58d9	35010645	2022001	2022001	5	2022-01-01 17:01:52	0	2001-01-01 00:00:00	0	1	30687989	2	5	1	1	1001*010405081215^	6	000000000000	000000007300000000	20220	0
21513ce37ad52f32ffec	35010645	2022001	2022001	6	2022-01-01 17:02:06	0	2001-01-01 00:00:00	0	1	30687989	2	5	1	1	1001*010305081215^	6	000000000000	000000007300000000	20220	0
f2c22dd2d784129190fc	35010645	2022001	2022001	7	2022-01-01 17:04:42	0	2001-01-01 00:00:00	0	1	30687989	2	5	1	1	200101050815*0203040607091011121314^	11	000000000000	000000007300000000	20220	0
8b1265277f811061decd	35010645	2022001	2022001	8	2022-01-01 17:26:04	0	2001-01-01 00:00:00	0	1	30687989	2	5	1	1	1001*080910111415^	6	000000000000	000000007300000000	20220	0
b5b87b3af2640391fdd0	35010645	2022001	2022001	9	2022-01-01 17:26:08	0	2001-01-01 00:00:00	0	1	30687989	2	5	2	1	00010409121415^00010106081015^00010203060914^	3	000000000000	000000007300000000	20220	0
1f8c327ec6a83f6595e4	35010645	2022001	2022001	10	2022-01-01 17:52:59	0	2001-01-01 00:00:00	0	1	30687989	2	5	1	1	200104050815*0102030607091011121314^	11	000000000000	000000007300000000	20220	0
83fd2ffa7d035241d2f9	35010645	2022001	2022001	11	2022-01-01 18:21:42	0	2001-01-01 00:00:00	0	1	30687989	2	5	1	1	00020305070813^	2	000000000000	000000007300000000	20220	0
2c18db390f80ea4936c8	35010645	2022001	2022001	12	2022-01-01 18:23:15	0	2001-01-01 00:00:00	0	1	30687989	2	5	2	1	00010206091215^00010102080912^00010204091213^00010204091215^00010206070912^	5	000000000000	000000007300000000	20220	0
151878d732b9db5a2cd8	35010645	2022001	2022001	13	2022-01-01 18:23:19	0	2001-01-01 00:00:00	0	1	30687989	2	5	2	1	00010204091112^00010204070912^00010209121315^00010206091215^00010102050912^	5	000000000000	000000007300000000	20220	0
b6f645ee039ec18e5ee8	35010645	2022001	2022001	14	2022-01-01 18:26:29	0	2001-01-01 00:00:00	0	1	30687989	2	5	1	1	00020506101315^	2	000000000000	000000007300000000	20220	0
8a2120675802b1b26e55	35010652	2022001	2022001	1	2022-01-01 10:15:05	0	2001-01-01 00:00:00	0	1	24264545	2	5	1	1	00010105081011^	1	000000000000	000000004100000000	20220	0
ea461b3b591483952665	35010652	2022001	2022001	2	2022-01-01 11:00:08	0	2001-01-01 00:00:00	0	1	24264545	2	5	1	1	00010405080915^00010104050809^	2	000000000000	000000004100000000	20220	0
151872d702bbdb5a2cd8	35010657	2022001	2022001	1	2022-01-01 14:22:43	0	2001-01-01 00:00:00	0	1	20979410	2	5	1	1	00010405071115^	1	000000000000	000000007200000000	20220	0
215136e36a552f32ffec	35010657	2022001	2022001	2	2022-01-01 17:36:12	0	2001-01-01 00:00:00	0	1	20979410	2	5	1	1	00010407111314^00010407111315^00010103071314^00010103071315^00010104071115^	5	000000000000	000000007200000000	20220	0
6cdc8edfa00cc6596df5	35010657	2022001	2022001	3	2022-01-01 17:36:25	0	2001-01-01 00:00:00	0	1	20979410	2	5	2	1	00010407081011^00010407091112^00010204070811^00010407101114^00010104071115^	5	000000000000	000000007200000000	20220	0
8c1279ae9835e710195c	35010660	2022001	2022001	1	2022-01-01 13:41:32	0	2001-01-01 00:00:00	0	1	38865041	2	5	1	1	00100709101112^	10	000000000000	000000004100000000	20220	0
8a473fd3b078bb442361	35010660	2022001	2022001	2	2022-01-01 13:49:06	0	2001-01-01 00:00:00	0	1	38865041	2	5	1	1	00010104050611^	1	000000000000	000000004100000000	20220	0
b6c890e0ae687c9e0870	35010660	2022001	2022001	3	2022-01-01 14:06:28	0	2001-01-01 00:00:00	0	1	38865041	2	5	1	1	00020102050914^	2	000000000000	000000004100000000	20220	0
ea274a6672c4d6fb144d	35010660	2022001	2022001	4	2022-01-01 15:40:58	0	2001-01-01 00:00:00	0	1	38865041	2	5	0	1	00010104071315^00010204081215^00010407081114^00010607131415^00010306091114^	5	000000000000	000000004100000000	20220	0
ab060ae0f843320285dd	35010673	2022001	2022001	1	2022-01-01 16:35:43	0	2001-01-01 00:00:00	0	1	66924063	2	5	1	1	00100809111214^	10	000000000000	000000007200000000	20220	0
ec273575d6162cf1e359	35010678	2022001	2022001	1	2022-01-01 17:43:35	0	2001-01-01 00:00:00	0	1	99382576	2	5	1	1	1001*02030406111213^	21	000000000000	000000004300000000	20220	0
eb7c685c10cddf80216d	35010678	2022001	2022001	2	2022-01-01 17:43:40	0	2001-01-01 00:00:00	0	1	99382576	2	5	1	1	1001*02030809101112^	21	000000000000	000000004300000000	20220	0
8f216733ab8243adb654	35010680	2022001	2022001	1	2022-01-01 18:08:13	0	2001-01-01 00:00:00	0	1	31261187	2	5	1	1	00010105061112^00010105101115^00010203051015^	3	000000000000	000000004100000000	20220	0
8f216a33ab9443adb654	35010690	2022001	2022001	1	2021-12-31 20:02:16	0	2001-01-01 00:00:00	0	1	32401378	2	5	0	1	00010307081013^00010408091215^00010509101214^00010206071012^00010105060911^	5	000000000000	000000004300000000	20220	0
bf12f79dab0d5abe1364	35010690	2022001	2022001	2	2022-01-01 13:01:44	0	2001-01-01 00:00:00	0	1	79796397	2	5	0	1	1001*02030809111213^	21	000000000000	000000004300000000	20220	0
5f949856e63b9fb63279	35010690	2022001	2022001	3	2022-01-01 16:06:41	0	2001-01-01 00:00:00	0	1	79796397	2	5	1	1	00010206111315^	1	000000000000	000000004300000000	20220	0
bf225933269f70090b4c	35010690	2022001	2022001	4	2022-01-01 17:13:13	0	2001-01-01 00:00:00	0	1	79796397	2	5	1	1	00010304080912^00010607101213^00010304050712^00010106081115^00010507101214^	5	000000000000	000000004300000000	20220	0
8a213f674808b1b26f55	35010690	2022001	2022001	5	2022-01-01 17:13:30	0	2001-01-01 00:00:00	0	1	79796397	2	5	1	1	00010104091112^00010607091415^00010507111213^00010306070915^00010204060712^	5	000000000000	000000004300000000	20220	0
ab0601e0f88b320284dd	35010695	2022001	2022001	1	2022-01-01 14:20:46	0	2001-01-01 00:00:00	0	1	33562169	2	5	0	1	00030708091012^00030304050607^00030809101415^	9	000000000000	000000007100000000	20220	0
b6f65cee33e2c18e5ee8	35010695	2022001	2022001	2	2022-01-01 15:08:16	0	2001-01-01 00:00:00	0	1	33562169	2	5	0	1	00010106071215^00010104101213^00010308091013^	3	000000000000	000000007100000000	20220	0
83fd36fa5d4d5241d2f9	35010695	2022001	2022001	3	2022-01-01 15:08:21	0	2001-01-01 00:00:00	0	1	33562169	2	5	0	1	00010406070813^00010103071415^	2	000000000000	000000007100000000	20220	0
8b127c274fff1061dfcd	35010695	2022001	2022001	4	2022-01-01 15:08:25	0	2001-01-01 00:00:00	0	1	33562169	2	5	0	1	00010104051213^00010106071112^	2	000000000000	000000007100000000	20220	0
ec273a75d6d42cf1e359	35010696	2022001	2022001	1	2022-01-01 17:25:56	0	2001-01-01 00:00:00	0	1	59575411	2	5	1	1	1001*030507111415^	6	000000000000	000000004200000000	20220	0
bf1bb5dae5c89c363968	35010696	2022001	2022001	2	2022-01-01 17:26:24	0	2001-01-01 00:00:00	0	1	59575411	2	5	1	1	00010608091213^00010408121315^00010110111415^00010809101314^	4	000000000000	000000004200000000	20220	0
ec41596670bc58665651	35010702	2022001	2022001	1	2022-01-01 09:29:20	0	2001-01-01 00:00:00	0	1	50757431	2	5	0	1	1001*01020608091215^	21	000000000000	000000004300000000	20220	0
8f1265e9df8f46d69160	35010702	2022001	2022001	2	2022-01-01 09:29:25	0	2001-01-01 00:00:00	0	1	50757431	2	5	0	1	1001*02030609101315^	21	000000000000	000000004300000000	20220	0
d11a03156b5dca861375	35010702	2022001	2022001	3	2022-01-01 09:29:33	0	2001-01-01 00:00:00	0	1	50757431	2	5	0	1	1001*02040710131415^	21	000000000000	000000004300000000	20220	0
87125c00263c433aae44	35010702	2022001	2022001	4	2022-01-01 11:03:57	0	2001-01-01 00:00:00	0	1	50757431	2	5	1	1	00010103040915^	1	000000000000	000000004300000000	20220	0
ec273975c6842cf1e259	35010702	2022001	2022001	5	2022-01-01 13:13:04	0	2001-01-01 00:00:00	0	1	50757431	2	5	1	1	00010306071012^00010409121315^00010209121315^00010309111215^00010609111215^	5	000000000000	000000004300000000	20220	0
bf12f19dbb395abe1264	35010702	2022001	2022001	6	2022-01-01 13:13:31	0	2001-01-01 00:00:00	0	1	50757431	2	5	1	1	00010204050911^00010306071015^00010308091315^	3	000000000000	000000004300000000	20220	0
65fbbfab64a2d4af9978	35010702	2022001	2022001	7	2022-01-01 13:13:40	0	2001-01-01 00:00:00	0	1	50757431	2	5	1	1	1001*03060809121315^	21	000000000000	000000004300000000	20220	0
0c926f302606d74eda40	35010702	2022001	2022001	8	2022-01-01 13:13:57	0	2001-01-01 00:00:00	0	1	50757431	2	5	1	1	00010607101215^00010204091114^00010304051215^00010204060911^	4	000000000000	000000004300000000	20220	0
ec273975f6d62cf1e259	35010702	2022001	2022001	9	2022-01-01 14:26:25	0	2001-01-01 00:00:00	0	1	50757431	2	5	1	1	1001*0102040608111415^	56	000000000000	000000004300000000	20220	0
bf8fc2ae2f72f4b4906c	35010702	2022001	2022001	10	2022-01-01 14:52:44	0	2001-01-01 00:00:00	0	1	50757431	2	5	1	1	00010203091112^00010204060912^00010305070913^00010102050614^	4	000000000000	000000004300000000	20220	0
d11a03154b05ca861275	35010702	2022001	2022001	11	2022-01-01 17:14:34	0	2001-01-01 00:00:00	0	1	50757431	2	5	1	1	1001*01040609111214^	21	000000000000	000000004300000000	20220	0
ec416266704c58665751	35010712	2022001	2022001	1	2022-01-01 15:42:09	0	2001-01-01 00:00:00	0	1	40201820	2	5	0	1	1001*030607091115^	6	000000000000	000000004100000000	20220	0
bf12ca9dabaf5abe1264	35010712	2022001	2022001	2	2022-01-01 15:43:57	0	2001-01-01 00:00:00	0	1	40201820	2	5	2	1	00010406071013^00010204051214^00010102030608^00010102071215^00010203051315^	5	000000000000	000000004100000000	20220	0
8f215433abca43adb654	35010718	2022001	2022001	1	2022-01-01 09:23:05	0	2001-01-01 00:00:00	0	1	91277834	2	5	1	1	00020204061215^00020102040612^00020106081214^	6	000000000000	000000004300000000	20220	0
ea463a3b59a283952765	35010718	2022001	2022001	2	2022-01-01 09:48:44	0	2001-01-01 00:00:00	0	1	91277834	2	5	1	1	00010103040915^00010104050915^00010405091215^00010306091215^00010102030405^	5	000000000000	000000004300000000	20220	0
65fb87ab7426d4af9978	35010718	2022001	2022001	3	2022-01-01 09:48:55	0	2001-01-01 00:00:00	0	1	91277834	2	5	1	1	00010102040509^00010102030915^00010104080915^	3	000000000000	000000004300000000	20220	0
ea27676672ead6fb144d	35010718	2022001	2022001	4	2022-01-01 09:49:02	0	2001-01-01 00:00:00	0	1	91277834	2	5	1	1	1001*0102030405091215^	56	000000000000	000000004300000000	20220	0
8f215433bb4c43adb754	35010718	2022001	2022001	5	2022-01-01 09:55:43	0	2001-01-01 00:00:00	0	1	91277834	2	5	1	1	200109101114*0102030405060708121315^	11	000000000000	000000004300000000	20220	0
bf8ffaae1fb6f4b4916c	35010718	2022001	2022001	6	2022-01-01 10:00:25	0	2001-01-01 00:00:00	0	1	91277834	2	5	1	1	1001*020609101114^	6	000000000000	000000004300000000	20220	0
d11a3b157bbbca861275	35010718	2022001	2022001	7	2022-01-01 12:36:27	0	2001-01-01 00:00:00	0	1	91277834	2	5	1	1	1001*010508091113^	6	000000000000	000000004300000000	20220	0
ea41070643fe3e12c149	35010718	2022001	2022001	8	2022-01-01 12:37:07	0	2001-01-01 00:00:00	0	1	91277834	2	5	1	1	1001*010508091115^	6	000000000000	000000004300000000	20220	0
8c47005d1eedf8c9325d	35010718	2022001	2022001	9	2022-01-01 13:47:24	0	2001-01-01 00:00:00	0	1	91277834	2	5	1	1	00010308111314^	1	000000000000	000000004300000000	20220	0
bf12c99d8b395abe1264	35010718	2022001	2022001	10	2022-01-01 16:13:35	0	2001-01-01 00:00:00	0	1	91277834	2	5	1	1	00010508091415^00010508091115^00010508111415^	3	000000000000	000000004300000000	20220	0
5f94a656c6439fb63279	35010718	2022001	2022001	11	2022-01-01 18:25:59	0	2001-01-01 00:00:00	0	1	91277834	2	5	1	1	00010105101314^	1	000000000000	000000004300000000	20220	0
15b2faad75c70ec8d3d4	35010723	2022001	2022001	1	2022-01-01 09:49:12	0	2001-01-01 00:00:00	0	1	37189754	2	5	1	1	00030405101415^	3	000000000000	000000007300000000	20220	0
d6c194c6daae688cfeed	35010723	2022001	2022001	2	2022-01-01 12:03:08	0	2001-01-01 00:00:00	0	1	37189754	2	5	1	1	00010106071315^00010103060713^00010106071213^	3	000000000000	000000007300000000	20220	0
222eb56dff55bf18e7f1	35010723	2022001	2022001	3	2022-01-01 12:03:18	0	2001-01-01 00:00:00	0	1	37189754	2	5	1	1	00010106070809^00010607080913^00010607080915^	3	000000000000	000000007300000000	20220	0
98265a2732570d5ac6c5	35010723	2022001	2022001	4	2022-01-01 12:03:27	0	2001-01-01 00:00:00	0	1	37189754	2	5	1	1	00010106070915^00010106070815^00010106071315^	3	000000000000	000000007300000000	20220	0
151853d712f1db5a2cd8	35010723	2022001	2022001	5	2022-01-01 18:08:22	0	2001-01-01 00:00:00	0	1	37189754	2	5	1	1	00010506101415^00010305060815^	2	000000000000	000000007300000000	20220	0
ec416d6670bc58665651	35010726	2022001	2022001	1	2022-01-01 10:29:22	0	2001-01-01 00:00:00	0	1	96846106	2	5	1	1	00050405081115^	5	000000000000	000000004100000000	20220	0
eb7c505c107ddf80206d	35010726	2022001	2022001	2	2022-01-01 17:05:15	0	2001-01-01 00:00:00	0	1	96846106	2	5	0	1	00100203040508^00100304050608^	20	000000000000	000000004100000000	20220	0
b77d7e6e3734ccb4357d	35010726	2022001	2022001	3	2022-01-01 17:05:19	0	2001-01-01 00:00:00	0	1	96846106	2	5	0	1	00010102071415^00020405071112^00020405071215^	5	000000000000	000000004100000000	20220	0
8d470b6013379874b441	35010726	2022001	2022001	4	2022-01-01 17:21:26	0	2001-01-01 00:00:00	0	1	96846106	2	5	1	1	00020506070812^	2	000000000000	000000004100000000	20220	0
8a210d67486ab1b26f55	35010726	2022001	2022001	5	2022-01-01 17:21:32	0	2001-01-01 00:00:00	0	1	96846106	2	5	1	1	00020506070812^	2	000000000000	000000004100000000	20220	0
ea54b8b5d4070e857369	35010726	2022001	2022001	6	2022-01-01 17:21:37	0	2001-01-01 00:00:00	0	1	96846106	2	5	1	1	00020506070812^	2	000000000000	000000004100000000	20220	0
15b2e2ad751d0ec8d3d4	35010739	2022001	2022001	1	2022-01-01 18:26:17	0	2001-01-01 00:00:00	0	1	10838538	2	5	1	1	00020203060810^	2	000000000000	000000007200000000	20220	0
8c1247ae9817e710195c	35010744	2022001	2022001	1	2022-01-01 14:49:34	0	2001-01-01 00:00:00	0	1	58612175	2	5	0	1	00010305081012^	1	000000000000	000000004200000000	20220	0
ea46293b59ae83952765	35010744	2022001	2022001	2	2022-01-01 14:49:45	0	2001-01-01 00:00:00	0	1	58612175	2	5	1	1	00020507080915^00020407081415^	4	000000000000	000000004200000000	20220	0
8f214533abba43adb754	35010748	2022001	2022001	1	2022-01-01 12:10:22	0	2001-01-01 00:00:00	0	1	82468900	2	5	1	4	00010506081215^	1	000000000000	000000004200000000	20220	0
eb7c4d5c105bdf80206d	35010748	2022001	2022001	2	2022-01-01 12:14:21	0	2001-01-01 00:00:00	0	1	82468900	2	5	2	4	00010102060709^	1	000000000000	000000004200000000	20220	0
65fb96ab7430d4af9878	35010748	2022001	2022001	3	2022-01-01 16:43:00	0	2001-01-01 00:00:00	0	1	82468900	2	5	1	4	00020405080915^	2	000000000000	000000004200000000	20220	0
bf06505ae5422b78a4d5	35010751	2022001	2022001	1	2021-12-31 19:50:53	0	2001-01-01 00:00:00	0	1	36819859	2	5	2	1	00020102070913^00020203060912^	4	000000000000	000000007100000000	20220	0
ff130a75ab5a31cafbd1	35010753	2022001	2022001	1	2022-01-01 15:22:31	0	2001-01-01 00:00:00	0	1	27306643	2	5	2	1	00010308121415^00010103081014^00010203070809^	3	000000000000	000000007300000000	20220	0
ff130b75ab2831cafbd1	35010755	2022001	2022001	1	2022-01-01 17:10:13	0	2001-01-01 00:00:00	0	1	86952090	2	5	0	1	00100203040508^00100304050608^	20	000000000000	000000007200000000	20220	0
1f8c097ee6483f6594e4	35010755	2022001	2022001	2	2022-01-01 17:10:16	0	2001-01-01 00:00:00	0	1	86952090	2	5	0	1	00010102031213^00010102071415^00010207080914^00010507081214^00010306091014^	5	000000000000	000000007200000000	20220	0
6cdcbfdfa0a2c6596df5	35010755	2022001	2022001	3	2022-01-01 17:10:20	0	2001-01-01 00:00:00	0	1	86952090	2	5	0	1	00050309101112^	5	000000000000	000000007200000000	20220	0
bf065d5ae5e42b78a5d5	35010757	2022001	2022001	1	2022-01-01 09:06:32	0	2001-01-01 00:00:00	0	1	61201238	2	5	1	1	1001*030405091315^	6	000000000000	000000007300000000	20220	0
b51bad07eb45108b29e0	35010757	2022001	2022001	2	2022-01-01 10:30:28	0	2001-01-01 00:00:00	0	1	61201238	2	5	2	1	00010406111314^00010204061014^00010304060914^00010204061114^00010406081314^	5	000000000000	000000007300000000	20220	0
fc5f996fd75f785836f4	35010757	2022001	2022001	3	2022-01-01 11:41:49	0	2001-01-01 00:00:00	0	1	61201238	2	5	1	1	00010305071215^	1	000000000000	000000007300000000	20220	0
cd610932676243a8ddc1	35010757	2022001	2022001	4	2022-01-01 17:05:59	0	2001-01-01 00:00:00	0	1	61201238	2	5	1	1	20021014*02030506081115^	70	000000000000	000000007300000000	20220	0
be530fae1a89805d58d9	35010757	2022001	2022001	5	2022-01-01 18:22:42	0	2001-01-01 00:00:00	0	1	61201238	2	5	1	1	00010102030405^00010203040506^00010405060708^00010607080910^00010809101112^	5	000000000000	000000007300000000	20220	0
215104e37a872f32feec	35010757	2022001	2022001	6	2022-01-01 18:22:54	0	2001-01-01 00:00:00	0	1	61201238	2	5	1	1	00011011121314^00010304050809^00010304050607^00010506070809^00010708091011^	5	000000000000	000000007300000000	20220	0
5b269436e87bc4f8f2f0	35010757	2022001	2022001	7	2022-01-01 18:23:03	0	2001-01-01 00:00:00	0	1	61201238	2	5	1	1	00010910111213^00011112131415^00010406081214^	3	000000000000	000000007300000000	20220	0
8c471c5d3e15f8c9335d	35010758	2022001	2022001	1	2022-01-01 08:19:37	0	2001-01-01 00:00:00	0	1	33462532	2	5	2	1	00010107091012^00010506070809^00010204081013^	3	000000000000	000000004200000000	20220	0
bf12d59dabab5abe1264	35010758	2022001	2022001	2	2022-01-01 08:42:55	0	2001-01-01 00:00:00	0	1	33462532	2	5	1	1	1001*020607091214^	6	000000000000	000000004200000000	20220	0
5f94ba56e6919fb63379	35010758	2022001	2022001	3	2022-01-01 08:47:48	0	2001-01-01 00:00:00	0	1	33462532	2	5	1	1	00020102050915^	2	000000000000	000000004200000000	20220	0
9a477d007366b09c5c45	35010758	2022001	2022001	4	2022-01-01 09:00:15	0	2001-01-01 00:00:00	0	1	33462532	2	5	1	1	00020102061213^	2	000000000000	000000004200000000	20220	0
ec417d66608658665651	35010758	2022001	2022001	5	2022-01-01 09:22:24	0	2001-01-01 00:00:00	0	1	33462532	2	5	1	1	00020106071113^	2	000000000000	000000004200000000	20220	0
eb7c405c0013df80216d	35010758	2022001	2022001	6	2022-01-01 10:33:28	0	2001-01-01 00:00:00	0	1	33462532	2	5	2	1	00010405080914^00010203040510^	2	000000000000	000000004200000000	20220	0
f9f2cec14302cfd51171	35010758	2022001	2022001	7	2022-01-01 12:59:50	0	2001-01-01 00:00:00	0	1	33462532	2	5	1	1	00020304051115^	2	000000000000	000000004200000000	20220	0
9a477d00430ab09c5d45	35010758	2022001	2022001	8	2022-01-01 17:29:03	0	2001-01-01 00:00:00	0	1	33462532	2	5	1	1	00010306091314^	1	000000000000	000000004200000000	20220	0
ec271b75d6002cf1e259	35010762	2022001	2022001	1	2022-01-01 14:48:21	0	2001-01-01 00:00:00	0	1	24950169	2	5	1	1	00010105060914^	1	000000000000	000000004300000000	20220	0
bf8fe0ae0f0af4b4906c	35010762	2022001	2022001	2	2022-01-01 14:50:36	0	2001-01-01 00:00:00	0	1	24950169	2	5	1	1	00010308091014^00010102030910^	2	000000000000	000000004300000000	20220	0
65fb9dab7434d4af9878	35010762	2022001	2022001	3	2022-01-01 17:44:00	0	2001-01-01 00:00:00	0	1	24950169	2	5	2	1	00010409111214^00010108101215^00010108121415^00010209111314^00010204071014^	5	000000000000	000000004300000000	20220	0
151847d70255db5a2cd8	35010763	2022001	2022001	1	2022-01-01 15:49:54	0	2001-01-01 00:00:00	0	1	55163514	2	5	2	1	00010305091314^00010107091015^00010405070809^00010709111314^00010506091215^	5	000000000000	000000007100000000	20220	0
ec417866709c58665751	35010764	2022001	2022001	1	2022-01-01 13:20:54	0	2001-01-01 00:00:00	0	1	22463108	2	5	0	1	00010506080911^	1	000000000000	000000004100000000	20220	0
ea46233b597083952765	35010764	2022001	2022001	2	2022-01-01 13:26:52	0	2001-01-01 00:00:00	0	1	22463108	2	5	0	1	00020203041015^	2	000000000000	000000004100000000	20220	0
22bcd00ab27cfe378974	35010764	2022001	2022001	3	2022-01-01 13:26:55	0	2001-01-01 00:00:00	0	1	22463108	2	5	2	1	00010203040611^00010405061114^00010103081014^00010306071315^00010103071013^	5	000000000000	000000004100000000	20220	0
3f114e032617047de048	35010764	2022001	2022001	4	2022-01-01 18:12:00	0	2001-01-01 00:00:00	0	1	22463108	2	5	1	1	200102091214*0103040506070810111315^	11	000000000000	000000004100000000	20220	0
8f214d33bba643adb754	35010764	2022001	2022001	5	2022-01-01 18:15:42	0	2001-01-01 00:00:00	0	1	22463108	2	5	1	1	200102091214*0103040506070810111315^	11	000000000000	000000004100000000	20220	0
bf12d09dbb415abe1264	35010764	2022001	2022001	6	2022-01-01 18:19:53	0	2001-01-01 00:00:00	0	1	22463108	2	5	2	1	00010208091214^00010304070913^00010407111415^00010104081012^00010506070813^	5	000000000000	000000004100000000	20220	0
22bcd00aa252fe378874	35010764	2022001	2022001	7	2022-01-01 18:19:55	0	2001-01-01 00:00:00	0	1	22463108	2	5	2	1	00010306091014^00010105061314^00010506070810^00010203071213^00010105060709^	5	000000000000	000000004100000000	20220	0
87127d001660433aaf44	35010764	2022001	2022001	8	2022-01-01 18:22:04	0	2001-01-01 00:00:00	0	1	22463108	2	5	2	1	00010105060710^00010102030413^00010305060811^00010103050710^00010708091011^	5	000000000000	000000004100000000	20220	0
8a2118677868b1b26e55	35010764	2022001	2022001	9	2022-01-01 18:22:06	0	2001-01-01 00:00:00	0	1	22463108	2	5	2	1	00010105060710^00010103050815^00010204060810^00010102061213^00010105071112^	5	000000000000	000000004100000000	20220	0
8f214c33abde43adb754	35010766	2022001	2022001	1	2022-01-01 08:17:51	0	2001-01-01 00:00:00	0	1	33722195	2	5	1	1	00010203081213^00010203081012^00010708091215^	3	000000000000	000000004100000000	20220	0
8f1245e9df9546d69060	35010766	2022001	2022001	2	2022-01-01 08:30:56	0	2001-01-01 00:00:00	0	1	33722195	2	5	1	1	00010304070912^00010304050709^00010304071215^	3	000000000000	000000004100000000	20220	0
b77d6a6e3756ccb4357d	35010766	2022001	2022001	3	2022-01-01 16:30:18	0	2001-01-01 00:00:00	0	1	33722195	2	5	1	1	00020103040715^	2	000000000000	000000004100000000	20220	0
bf06a65ae5f02b78a4d5	35010771	2022001	2022001	1	2022-01-01 14:03:24	0	2001-01-01 00:00:00	0	1	31763125	2	5	1	1	00010308091015^	1	000000000000	000000007200000000	20220	0
1f8cf17ee6763f6594e4	35010771	2022001	2022001	2	2022-01-01 17:06:34	0	2001-01-01 00:00:00	0	1	31763125	2	5	1	1	00020102031213^	2	000000000000	000000007200000000	20220	0
8bcfb7fd2930b25468f8	35010771	2022001	2022001	3	2022-01-01 17:06:45	0	2001-01-01 00:00:00	0	1	31763125	2	5	0	1	00020102031213^	2	000000000000	000000007200000000	20220	0
8fb81293b86993446ecc	35010771	2022001	2022001	4	2022-01-01 17:06:52	0	2001-01-01 00:00:00	0	1	31763125	2	5	0	1	00020102031213^	2	000000000000	000000007200000000	20220	0
b5b8b83ac21c0391fcd0	35010771	2022001	2022001	5	2022-01-01 17:06:58	0	2001-01-01 00:00:00	0	1	31763125	2	5	0	1	00020102031213^	2	000000000000	000000007200000000	20220	0
ab7b61fdd3c448222ae5	35010771	2022001	2022001	6	2022-01-01 17:07:10	0	2001-01-01 00:00:00	0	1	31763125	2	5	0	1	00030102031213^	3	000000000000	000000007200000000	20220	0
83fdecfa4d495241d3f9	35010771	2022001	2022001	7	2022-01-01 17:07:17	0	2001-01-01 00:00:00	0	1	31763125	2	5	0	1	00030102031213^	3	000000000000	000000007200000000	20220	0
8b12a6277ffb1061decd	35010771	2022001	2022001	8	2022-01-01 17:07:23	0	2001-01-01 00:00:00	0	1	31763125	2	5	0	1	00030102031213^	3	000000000000	000000007200000000	20220	0
ff13f3758b1231cafbd1	35010771	2022001	2022001	9	2022-01-01 17:07:30	0	2001-01-01 00:00:00	0	1	31763125	2	5	0	1	00030102031213^	3	000000000000	000000007200000000	20220	0
ec418466705c58665751	35010772	2022001	2022001	1	2022-01-01 14:37:54	0	2001-01-01 00:00:00	0	1	82205158	2	5	0	1	00020306071114^00020405091214^00020307101114^00020207091214^00020507101113^	10	000000000000	000000004200000000	20220	0
8a47f7d3b0cabb442261	35010772	2022001	2022001	2	2022-01-01 18:02:47	0	2001-01-01 00:00:00	0	1	82205158	2	5	1	1	1001*01020304050915^	21	000000000000	000000004200000000	20220	0
ff13f075abac31cafbd1	35010773	2022001	2022001	1	2022-01-01 14:43:17	0	2001-01-01 00:00:00	0	1	93975683	2	5	2	1	00010708101214^00010608091012^	2	000000000000	000000007100000000	20220	0
15b210ad750b0ec8d3d4	35010775	2022001	2022001	1	2022-01-01 16:31:11	0	2001-01-01 00:00:00	0	1	93802004	2	5	1	2	00020102050611^00010107091213^00010304060714^	4	000000000000	000000007200000000	20220	0
1518bfd702e1db5a2dd8	35010779	2022001	2022001	1	2022-01-01 17:04:04	0	2001-01-01 00:00:00	0	1	54983903	2	5	1	1	00090206070809^	9	000000000000	000000007300000000	20220	0
2151fbe36add2f32ffec	35010779	2022001	2022001	2	2022-01-01 17:04:12	0	2001-01-01 00:00:00	0	1	54983903	2	5	1	1	00070206070809^	7	000000000000	000000007300000000	20220	0
5b266b36f83dc4f8f2f0	35010779	2022001	2022001	3	2022-01-01 17:04:16	0	2001-01-01 00:00:00	0	1	54983903	2	5	1	1	00010206070809^	1	000000000000	000000007300000000	20220	0
bc118b333f863747aa50	35010784	2022001	2022001	1	2022-01-01 13:29:21	0	2001-01-01 00:00:00	0	1	65509179	2	5	2	1	00010911131415^00010204060708^	2	000000000000	000000004200000000	20220	0
bf1b61dae59e9c363968	35010784	2022001	2022001	2	2022-01-01 16:14:12	0	2001-01-01 00:00:00	0	1	65509179	2	5	1	1	00020205080915^	2	000000000000	000000004200000000	20220	0
d11ad4156b7dca861375	35010784	2022001	2022001	3	2022-01-01 18:21:01	0	2001-01-01 00:00:00	0	1	65509179	2	5	1	1	00020306081015^	2	000000000000	000000004200000000	20220	0
ea41e80673263e12c049	35010784	2022001	2022001	4	2022-01-01 18:22:08	0	2001-01-01 00:00:00	0	1	65509179	2	5	0	1	00010306091012^00010106070911^00010102030408^00010508101213^	4	000000000000	000000004200000000	20220	0
1518b7d702a5db5a2cd8	35010795	2022001	2022001	1	2022-01-01 13:20:04	0	2001-01-01 00:00:00	0	1	72097226	2	5	1	1	00050308091115^	5	000000000000	000000007200000000	20220	0
8f21a933abda43adb654	35010820	2022001	2022001	1	2022-01-01 11:18:54	0	2001-01-01 00:00:00	0	1	35897434	2	5	1	1	1001*020306101314^	6	000000000000	000000004100000000	20220	0
bf1b73dae5ec9c363868	35010820	2022001	2022001	2	2022-01-01 11:19:03	0	2001-01-01 00:00:00	0	1	35897434	2	5	0	1	1001*020306101314^	6	000000000000	000000004100000000	20220	0
118f90b71c547d2e9b7c	35010820	2022001	2022001	3	2022-01-01 11:19:09	0	2001-01-01 00:00:00	0	1	35897434	2	5	0	1	1001*020306101314^	6	000000000000	000000004100000000	20220	0
be53e8ae0a5b805d59d9	35010827	2022001	2022001	1	2022-01-01 09:36:00	0	2001-01-01 00:00:00	0	1	22356809	2	5	2	1	00010408111315^00010108101113^	2	000000000000	000000007100000000	20220	0
15189ad70275db5a2dd8	35010833	2022001	2022001	1	2022-01-01 12:41:22	0	2001-01-01 00:00:00	0	1	22392081	2	5	1	1	00010405060814^00010106080912^	2	000000000000	000000007100000000	20220	0
1f8cd07ee64e3f6594e4	35010833	2022001	2022001	2	2022-01-01 15:08:43	0	2001-01-01 00:00:00	0	1	22392081	2	5	1	1	00010304051315^00010304070915^00010304070913^00010708091214^00010206101113^	5	000000000000	000000007100000000	20220	0
83fdcdfa5d175241d2f9	35010833	2022001	2022001	3	2022-01-01 15:18:26	0	2001-01-01 00:00:00	0	1	22392081	2	5	1	1	00020405070914^00020304070914^00020102030414^00020102030407^00020111121314^	10	000000000000	000000007100000000	20220	0
15b231ad750f0ec8d3d4	35010837	2022001	2022001	1	2022-01-01 15:30:04	0	2001-01-01 00:00:00	0	1	95569797	2	5	1	1	00050910111214^00050102040511^	10	000000000000	000000007100000000	20220	0
be53dcae0ae3805d58d9	35010851	2022001	2022001	1	2022-01-01 10:16:49	0	2001-01-01 00:00:00	0	1	51053963	2	5	1	2	1001*010310111315^	6	000000000000	000000007100000000	20220	0
b51b7e07ebf5108b29e0	35010851	2022001	2022001	2	2022-01-01 11:51:45	0	2001-01-01 00:00:00	0	1	51053963	2	5	1	2	00010204060812^	1	000000000000	000000007100000000	20220	0
f2c2c6d2c79e129191fc	35010851	2022001	2022001	3	2022-01-01 12:03:07	0	2001-01-01 00:00:00	0	1	51053963	2	5	1	2	00010203040506^	1	000000000000	000000007100000000	20220	0
8c129fae98c3e710195c	35010856	2022001	2022001	1	2022-01-01 17:29:16	0	2001-01-01 00:00:00	0	1	48562293	2	5	1	1	00010307111214^00010307111215^	2	000000000000	000000004100000000	20220	0
ec27c975d6302cf1e259	35010862	2022001	2022001	1	2022-01-01 09:35:28	0	2001-01-01 00:00:00	0	1	32434085	2	5	1	1	1001*01030405111415^	21	000000000000	000000004100000000	20220	0
bf1b46dae52e9c363968	35010862	2022001	2022001	2	2022-01-01 09:35:33	0	2001-01-01 00:00:00	0	1	32434085	2	5	1	1	1001*030405061115^	6	000000000000	000000004100000000	20220	0
b77dba6e37a2ccb4347d	35010862	2022001	2022001	3	2022-01-01 09:35:42	0	2001-01-01 00:00:00	0	1	32434085	2	5	1	1	1001*040506101115^	6	000000000000	000000004100000000	20220	0
8712ac0026fe433aae44	35010862	2022001	2022001	4	2022-01-01 09:54:33	0	2001-01-01 00:00:00	0	1	32434085	2	5	1	1	1001*010304061115^	6	000000000000	000000004100000000	20220	0
8a21c96748beb1b26f55	35010862	2022001	2022001	5	2022-01-01 12:35:23	0	2001-01-01 00:00:00	0	1	32434085	2	5	0	1	00010103050709^00010204060810^00010203040608^00010203040810^00010102050709^	5	000000000000	000000004100000000	20220	0
1fb202707b4e8275c3dc	35010863	2022001	2022001	1	2022-01-01 11:46:22	0	2001-01-01 00:00:00	0	1	49103648	2	5	1	2	1001*060809101112^	6	000000000000	000000007300000000	20220	0
bf06945ae5be2b78a5d5	35010871	2022001	2022001	1	2021-12-31 21:17:45	0	2001-01-01 00:00:00	0	1	47537010	2	5	2	1	00010205081112^00010309111415^00010107111215^00010205080913^00010307080911^	5	000000000000	000000007200000000	20220	0
1f8cc37ee6d03f6594e4	35010871	2022001	2022001	2	2022-01-01 08:50:53	0	2001-01-01 00:00:00	0	1	38255836	2	5	1	1	00050305091013^	5	000000000000	000000007200000000	20220	0
f2c2dcd2c7fa129191fc	35010871	2022001	2022001	3	2022-01-01 09:29:49	0	2001-01-01 00:00:00	0	1	38255836	2	5	1	1	00050305091013^	5	000000000000	000000007200000000	20220	0
8b1294274fd11061dfcd	35010871	2022001	2022001	4	2022-01-01 11:13:18	0	2001-01-01 00:00:00	0	1	38255836	2	5	1	1	00010205081113^00010205081115^	2	000000000000	000000007200000000	20220	0
ec41b366700a58665751	35010874	2022001	2022001	1	2022-01-01 09:57:40	0	2001-01-01 00:00:00	0	1	91763010	2	5	1	2	00010508121415^00010305061012^00010507101112^	3	000000000000	000000004200000000	20220	0
bf1b5cdae57a9c363868	35010874	2022001	2022001	2	2022-01-01 12:55:46	0	2001-01-01 00:00:00	0	1	91763010	2	5	1	2	00030311121314^00020304051415^	5	000000000000	000000004200000000	20220	0
b6c86fe0aefa7c9e0870	35010874	2022001	2022001	3	2022-01-01 14:36:52	0	2001-01-01 00:00:00	0	1	91763010	2	5	1	1	00010508111215^00010103050811^	2	000000000000	000000004200000000	20220	0
9a47b3007304b09c5c45	35010874	2022001	2022001	4	2022-01-01 17:26:21	0	2001-01-01 00:00:00	0	1	91763010	2	5	0	1	00010206071215^00010203071113^00010507101215^	3	000000000000	000000004200000000	20220	0
8c1286ae88ebe710195c	35010874	2022001	2022001	5	2022-01-01 18:18:34	0	2001-01-01 00:00:00	0	1	91763010	2	5	1	1	00010105061011^00010105081011^00010106081011^	3	000000000000	000000004200000000	20220	0
1fb218707b528275c3dc	35010875	2022001	2022001	1	2021-12-31 19:47:24	0	2001-01-01 00:00:00	0	1	49056320	2	5	2	2	00100102051213^	10	000000000000	000000007100000000	20220	0
b6f6b2ee3394c18e5fe8	35010875	2022001	2022001	2	2022-01-01 16:28:03	0	2001-01-01 00:00:00	0	1	73049599	2	5	1	2	00010105070915^00010507091215^00010105060712^	3	000000000000	000000007100000000	20220	0
8c128aae98b7e710185c	35010882	2022001	2022001	1	2022-01-01 10:06:52	0	2001-01-01 00:00:00	0	1	92088894	2	5	0	2	00010106091112^00010305060914^00010506091015^00010610111213^00010102030407^	5	000000000000	000000004200000000	20220	0
ea546ab5c4cf0e857269	35010882	2022001	2022001	2	2022-01-01 11:40:49	0	2001-01-01 00:00:00	0	1	92088894	2	5	0	2	00010106081315^	1	000000000000	000000004200000000	20220	0
d11ae5156b95ca861375	35010882	2022001	2022001	3	2022-01-01 13:44:25	0	2001-01-01 00:00:00	0	1	92088894	2	5	1	2	00010102040913^	1	000000000000	000000004200000000	20220	0
9a47bf007342b09c5d45	35010882	2022001	2022001	4	2022-01-01 15:09:44	0	2001-01-01 00:00:00	0	1	92088894	2	5	0	2	00010205101115^	1	000000000000	000000004200000000	20220	0
ec41bf66605458665751	35010882	2022001	2022001	5	2022-01-01 16:35:47	0	2001-01-01 00:00:00	0	1	92088894	2	5	0	2	1001*02040506071112^	21	000000000000	000000004200000000	20220	0
8a47ccd3a020bb442361	35010882	2022001	2022001	6	2022-01-01 16:59:46	0	2001-01-01 00:00:00	0	1	92088894	2	5	0	2	00100203040508^00100304050608^	20	000000000000	000000004200000000	20220	0
22bc170aa2f8fe378874	35010882	2022001	2022001	7	2022-01-01 16:59:52	0	2001-01-01 00:00:00	0	1	92088894	2	5	0	2	00050206071114^	5	000000000000	000000004200000000	20220	0
9a47bf004386b09c5c45	35010882	2022001	2022001	8	2022-01-01 16:59:57	0	2001-01-01 00:00:00	0	1	92088894	2	5	0	2	00030306081213^00020102071415^	5	000000000000	000000004200000000	20220	0
8c128aaeb89de710195c	35010882	2022001	2022001	9	2022-01-01 17:13:44	0	2001-01-01 00:00:00	0	1	92088894	2	5	1	2	1001*010306071215^	6	000000000000	000000004200000000	20220	0
8f218e33ab4043adb754	35010890	2022001	2022001	1	2022-01-01 09:58:55	0	2001-01-01 00:00:00	0	1	21644609	2	5	1	1	00050102030408^	5	000000000000	000000004100000000	20220	0
b5b8873ad28c0391fcd0	35010893	2022001	2022001	1	2022-01-01 12:36:51	0	2001-01-01 00:00:00	0	1	94075930	2	5	2	1	00010507080914^00010104071213^00010203040708^00010104060813^00010305060915^	5	000000000000	000000007100000000	20220	0
8a21d9675822b1b26f55	35010894	2022001	2022001	1	2022-01-01 09:06:37	0	2001-01-01 00:00:00	0	1	21011824	2	5	1	1	00010405091215^	1	000000000000	000000004200000000	20220	0
1518fcd702eddb5a2dd8	35010909	2022001	2022001	1	2022-01-01 14:00:54	0	2001-01-01 00:00:00	0	1	81242939	2	5	2	1	3001^	121	000000000000	000000007300000000	20220	0
2151b8e36a152f32feec	35010909	2022001	2022001	2	2022-01-01 14:53:19	0	2001-01-01 00:00:00	0	1	81242939	2	5	1	1	00030203041215^00030206070915^	6	000000000000	000000007300000000	20220	0
71e719a580a613ca21fd	35010909	2022001	2022001	3	2022-01-01 16:37:45	0	2001-01-01 00:00:00	0	1	81242939	2	5	2	1	00010104131415^	1	000000000000	000000007300000000	20220	0
ff13be75ab1e31cafad1	35010921	2022001	2022001	1	2022-01-01 14:04:23	0	2001-01-01 00:00:00	0	1	83116747	2	5	0	1	00010306091215^00010102071415^	2	000000000000	000000007100000000	20220	0
1fb27d707bf08275c2dc	35010929	2022001	2022001	1	2022-01-01 09:05:14	0	2001-01-01 00:00:00	0	1	46974064	2	5	0	1	00010203071115^	1	000000000000	000000007300000000	20220	0
2151aee36a652f32feec	35010929	2022001	2022001	2	2022-01-01 13:49:01	0	2001-01-01 00:00:00	0	1	46974064	2	5	0	1	00010305081213^00010205081314^00010106111215^	3	000000000000	000000007300000000	20220	0
fc5f336fd703785837f4	35010929	2022001	2022001	3	2022-01-01 15:51:21	0	2001-01-01 00:00:00	0	1	46974064	2	5	1	1	00010304050612^	1	000000000000	000000007300000000	20220	0
2c1849392f9aea4936c8	35010929	2022001	2022001	4	2022-01-01 16:20:32	0	2001-01-01 00:00:00	0	1	46974064	2	5	1	1	00010307101315^00010102060912^00010203081114^00010306091115^00010507091015^	5	000000000000	000000007300000000	20220	0
1fb27d706b8a8275c2dc	35010929	2022001	2022001	5	2022-01-01 16:28:09	0	2001-01-01 00:00:00	0	1	46974064	2	5	1	1	00010105071415^	1	000000000000	000000007300000000	20220	0
d6c12dc6cae4688cffed	35010929	2022001	2022001	6	2022-01-01 17:17:32	0	2001-01-01 00:00:00	0	1	46974064	2	5	1	1	00010105111314^00010103060911^	2	000000000000	000000007300000000	20220	0
1518ecd70259db5a2dd8	35010941	2022001	2022001	1	2022-01-01 08:48:49	0	2001-01-01 00:00:00	0	1	86708534	2	5	1	1	00010103050711^00010305071113^00010106111315^00010108091415^00010108091112^	5	000000000000	000000007300000000	20220	0
d6c12bc6daea688cffed	35010941	2022001	2022001	2	2022-01-01 10:21:15	0	2001-01-01 00:00:00	0	1	86708534	2	5	1	1	00030204071115^	3	000000000000	000000007300000000	20220	0
f2c2b9d2c738129190fc	35010941	2022001	2022001	3	2022-01-01 17:46:18	0	2001-01-01 00:00:00	0	1	86708534	2	5	2	1	00010306080910^	1	000000000000	000000007300000000	20220	0
ab0683e0f8ef320285dd	35010947	2022001	2022001	1	2021-12-31 19:11:10	0	2001-01-01 00:00:00	0	1	72927111	2	5	2	2	00010607080911^	1	000000000000	000000007100000000	20220	0
fe54770fd94617ff52e1	35010947	2022001	2022001	2	2021-12-31 19:11:13	0	2001-01-01 00:00:00	0	1	72927111	2	5	1	2	00010506070809^	1	000000000000	000000007100000000	20220	0
222e056dff21bf18e6f1	35010947	2022001	2022001	3	2022-01-01 10:32:07	0	2001-01-01 00:00:00	0	1	18457266	2	5	1	2	00010912131415^	1	000000000000	000000007100000000	20220	0
8622409386d49dd9e2c4	35010947	2022001	2022001	4	2022-01-01 10:32:12	0	2001-01-01 00:00:00	0	1	18457266	2	5	1	2	00010212131415^	1	000000000000	000000007100000000	20220	0
be53acae1aa5805d58d9	35010947	2022001	2022001	5	2022-01-01 10:32:17	0	2001-01-01 00:00:00	0	1	18457266	2	5	1	2	00010512131415^	1	000000000000	000000007100000000	20220	0
f98fd6dc7883b5f5bee9	35010947	2022001	2022001	6	2022-01-01 10:32:22	0	2001-01-01 00:00:00	0	1	18457266	2	5	1	2	00011011131415^	1	000000000000	000000007100000000	20220	0
f2c2b6d2d7ec129190fc	35010947	2022001	2022001	7	2022-01-01 10:32:26	0	2001-01-01 00:00:00	0	1	18457266	2	5	1	2	00011012131415^	1	000000000000	000000007100000000	20220	0
8fb84a93880993446fcc	35010947	2022001	2022001	8	2022-01-01 10:32:30	0	2001-01-01 00:00:00	0	1	18457266	2	5	1	2	00011012131415^	1	000000000000	000000007100000000	20220	0
b5b8e03af27c0391fdd0	35010947	2022001	2022001	9	2022-01-01 10:32:34	0	2001-01-01 00:00:00	0	1	18457266	2	5	1	2	00011012131415^	1	000000000000	000000007100000000	20220	0
fe54770ff94c17ff53e1	35010947	2022001	2022001	10	2022-01-01 11:08:38	0	2001-01-01 00:00:00	0	1	18457266	2	5	1	2	00010910131415^	1	000000000000	000000007100000000	20220	0
6cdc1fdf80a4c6596cf5	35010947	2022001	2022001	11	2022-01-01 11:08:41	0	2001-01-01 00:00:00	0	1	18457266	2	5	1	2	00010910131415^	1	000000000000	000000007100000000	20220	0
2c1840390fa0ea4937c8	35010947	2022001	2022001	12	2022-01-01 14:31:49	0	2001-01-01 00:00:00	0	1	18457266	2	5	1	2	00030305061014^	3	000000000000	000000007100000000	20220	0
bf06fe5ad5de2b78a4d5	35010947	2022001	2022001	13	2022-01-01 15:09:19	0	2001-01-01 00:00:00	0	1	18457266	2	5	1	2	00010107080914^	1	000000000000	000000007100000000	20220	0
b6f6deee03d0c18e5fe8	35010947	2022001	2022001	14	2022-01-01 15:12:04	0	2001-01-01 00:00:00	0	1	18457266	2	5	1	2	00010109131415^	1	000000000000	000000007100000000	20220	0
222e056dcf6dbf18e6f1	35010947	2022001	2022001	15	2022-01-01 15:13:59	0	2001-01-01 00:00:00	0	1	18457266	2	5	1	2	00011011121315^	1	000000000000	000000007100000000	20220	0
86224093d6989dd9e3c4	35010947	2022001	2022001	16	2022-01-01 15:14:03	0	2001-01-01 00:00:00	0	1	18457266	2	5	1	2	00011012131415^	1	000000000000	000000007100000000	20220	0
15b24aad354b0ec8d2d4	35010947	2022001	2022001	17	2022-01-01 15:14:07	0	2001-01-01 00:00:00	0	1	18457266	2	5	1	2	00011012131415^	1	000000000000	000000007100000000	20220	0
b6f6deee73d8c18e5fe8	35010947	2022001	2022001	18	2022-01-01 16:09:52	0	2001-01-01 00:00:00	0	1	18457266	2	5	0	2	00020203040913^	2	000000000000	000000007100000000	20220	0
8f21ee33ab1043adb654	35010954	2022001	2022001	1	2022-01-01 13:37:32	0	2001-01-01 00:00:00	0	1	61506408	2	5	1	1	1001*0304050607080910^	56	000000000000	000000004300000000	20220	0
bf1b34dae5269c363868	35010954	2022001	2022001	2	2022-01-01 13:37:43	0	2001-01-01 00:00:00	0	1	61506408	2	5	1	1	1001*01021112131415^	21	000000000000	000000004300000000	20220	0
22bc730ab202fe378874	35010954	2022001	2022001	3	2022-01-01 18:07:07	0	2001-01-01 00:00:00	0	1	61506408	2	5	1	1	00030204051011^00030204071011^00030204071015^00030102030405^	12	000000000000	000000004300000000	20220	0
0c92ed301668d74edb40	35010954	2022001	2022001	4	2022-01-01 18:24:06	0	2001-01-01 00:00:00	0	1	61506408	2	5	1	1	00010204051011^00010204071011^00010204071015^00010102030405^	4	000000000000	000000004300000000	20220	0
be53a8ae0a63805d58d9	35010955	2022001	2022001	1	2022-01-01 10:51:03	0	2001-01-01 00:00:00	0	1	91168460	2	5	1	1	00010205060915^	1	000000000000	000000007100000000	20220	0
ab7b3dfdc31e48222be5	35010955	2022001	2022001	2	2022-01-01 10:51:23	0	2001-01-01 00:00:00	0	1	91168460	2	5	0	1	00010205060915^	1	000000000000	000000007100000000	20220	0
8bcfebfd2928b25468f8	35010955	2022001	2022001	3	2022-01-01 15:00:21	0	2001-01-01 00:00:00	0	1	91168460	2	5	1	1	00300509121415^	30	000000000000	000000007100000000	20220	0
8622449386ae9dd9e3c4	35010955	2022001	2022001	4	2022-01-01 15:00:42	0	2001-01-01 00:00:00	0	1	91168460	2	5	1	1	1002*02050809121415^	42	000000000000	000000007100000000	20220	0
be53a8ae1adf805d59d9	35010955	2022001	2022001	5	2022-01-01 15:00:54	0	2001-01-01 00:00:00	0	1	91168460	2	5	1	1	1002*01050609121314^	42	000000000000	000000007100000000	20220	0
15b272ad75f90ec8d2d4	35010963	2022001	2022001	1	2022-01-01 14:35:53	0	2001-01-01 00:00:00	0	1	40606599	2	5	0	1	00010307101415^00010105101415^00010105070810^00010305101213^00010406071114^	5	000000000000	000000007100000000	20220	0
1f8c917ee6e83f6594e4	35010963	2022001	2022001	2	2022-01-01 14:35:59	0	2001-01-01 00:00:00	0	1	40606599	2	5	1	1	00010405101314^	1	000000000000	000000007100000000	20220	0
8bcfd7fd29a2b25468f8	35010963	2022001	2022001	3	2022-01-01 14:37:04	0	2001-01-01 00:00:00	0	1	40606599	2	5	1	1	1001*01020306121315^	21	000000000000	000000007100000000	20220	0
cd61923267f843a8ddc1	35010963	2022001	2022001	4	2022-01-01 14:37:20	0	2001-01-01 00:00:00	0	1	40606599	2	5	2	1	00010103121415^00010106071013^00010311121315^00010102060811^00010204071014^	5	000000000000	000000007100000000	20220	0
ab06bbe0e8b1320284dd	35010963	2022001	2022001	5	2022-01-01 16:31:56	0	2001-01-01 00:00:00	0	1	40606599	2	5	0	1	00010205061113^	1	000000000000	000000007100000000	20220	0
d6c11cc6caca688cfeed	35010963	2022001	2022001	6	2022-01-01 17:29:44	0	2001-01-01 00:00:00	0	1	40606599	2	5	1	1	00050205081315^	5	000000000000	000000007100000000	20220	0