11660466460240101842,2022-08-14 17:52:16,11102243,9,0,0,0,0,2,2022216,1,2000,1,0,4 5 9,2000,2,0,6 7 9,null,null,null,null,null,null,null,null,null,null,null,null,6.0,0,0
11660465101060105258,2022-08-14 19:39:23,11123015,9,0,0,0,0,3,2022216,1,2000,2,0,2 3 4,2000,2,0,8 1 0,2000,2,0,0 0 0,null,null,null,null,null,null,null,null,12.0,0,0
11660465101060105247,2022-08-14 19:39:07,11107085,9,0,0,0,0,5,2022216,1,2011,5,0,1 7 9,2011,5,0,2 7 9,2011,5,0,2 5 7,2011,5,0,2 5 9,2011,5,0,1 6 9,50.0,0,0
11660465101060105245,2022-08-14 19:39:05,11105945,9,0,0,0,0,2,2022216,1,2011,3,0,0 3 6,2011,5,0,0 6 7,null,null,null,null,null,null,null,null,null,null,null,null,16.0,0,0
11660465101060105181,2022-08-14 19:37:27,11107025,9,0,0,0,0,3,2022216,1,2011,1,0,2 6 9,2011,1,0,1 5 8,2010,1,0,0 7 7,null,null,null,null,null,null,null,null,6.0,0,0
11660465101060105177,2022-08-14 19:37:24,11105945,9,0,0,0,0,1,2022216,1,2011,4,0,0 6 7,null,null,null,null,null,null,null,null,null,null,null,null,null,null,null,null,8.0,1,0
11660465101060105174,2022-08-14 19:37:15,11108105,9,0,0,0,0,1,2022216,1,2011,5,0,1 2 3,null,null,null,null,null,null,null,null,null,null,null,null,null,null,null,null,10.0,0,0
11660465101060105153,2022-08-14 19:36:52,11107145,9,0,0,0,0,1,2022216,1,2000,1,0,3 7 7,null,null,null,null,null,null,null,null,null,null,null,null,null,null,null,null,2.0,0,0
11660461149120405638,2022-08-14 19:03:28,11179001,9,0,0,0,0,3,2022216,1,2011,1,0,0 3 6,2011,1,0,3 4 9,2011,1,0,5 6 9,null,null,null,null,null,null,null,null,6.0,0,0
11660461149120405625,2022-08-14 19:03:17,11179001,9,0,0,0,0,1,2022216,1,2000,2,0,3 0 6,null,null,null,null,null,null,null,null,null,null,null,null,null,null,null,null,4.0,0,0
11660461149120405621,2022-08-14 19:03:12,11111051,9,0,0,0,0,1,2022216,1,2011,1,0,7 8 9,null,null,null,null,null,null,null,null,null,null,null,null,null,null,null,null,2.0,0,0
11660461149120405611,2022-08-14 19:02:59,11132051,9,0,0,0,0,1,2022216,1,2000,5,0,8 0 2,null,null,null,null,null,null,null,null,null,null,null,null,null,null,null,null,10.0,0,0
11660466460240102433,2022-08-14 18:13:31,11173013,9,0,0,0,0,5,2022216,1,2011,1,0,1 2 5,2011,1,0,1 3 5,2011,1,0,1 2 7,2011,1,0,1 3 7,2011,1,0,1 3 6,10.0,0,0
11660466460240102423,2022-08-14 18:12:52,11313023,9,0,0,0,0,2,2022216,1,2000,1,0,6 9 2,2000,1,0,5 6 2,null,null,null,null,null,null,null,null,null,null,null,null,4.0,0,0
11660466460240102045,2022-08-14 18:00:07,11111033,9,0,2,0,0,5,2022216,1,2000,1,0,9 3 7,2000,1,0,0 0 1,2000,1,0,0 6 0,2000,1,0,4 1 9,2000,1,0,6 1 0,10.0,0,0
11660466460240101993,2022-08-14 17:58:21,11113043,9,0,0,0,0,4,2022216,1,2000,1,0,3 7 2,2000,1,0,3 7 4,2000,1,0,3 7 6,2000,1,0,3 7 8,null,null,null,null,8.0,0,0
11660466460240101980,2022-08-14 17:58:04,11126003,9,0,0,0,0,2,2022216,1,2000,2,0,7 4 4,2000,1,0,4 7 4,null,null,null,null,null,null,null,null,null,null,null,null,6.0,0,0
11660465101060105105,2022-08-14 19:35:55,11154005,9,0,0,0,0,1,2022216,1,2011,10,0,4 5 7,null,null,null,null,null,null,null,null,null,null,null,null,null,null,null,null,20.0,0,0
11660465101060105100,2022-08-14 19:35:46,11104625,9,0,0,0,0,2,2022216,1,2000,5,0,8 2 7,2000,5,0,8 6 3,null,null,null,null,null,null,null,null,null,null,null,null,20.0,0,0
11660465101060105099,2022-08-14 19:35:46,11117015,9,0,0,0,0,5,2022216,1,2011,1,0,1 2 6,2011,1,0,0 2 6,2011,1,0,0 6 9,2011,1,0,0 2 6,2011,1,0,0 3 6,10.0,0,0